 1.00000000e+00  5.12099974e-05 -6.55007806e-07 
 1.12201845e+00  5.12074306e-05 -7.34886995e-07 
 1.25892541e+00  5.12041996e-05 -8.24494836e-07 
 1.41253754e+00  5.12001328e-05 -9.25010954e-07 
 1.58489319e+00  5.11950140e-05 -1.03775583e-06 
 1.77827941e+00  5.11885716e-05 -1.16420676e-06 
 1.99526231e+00  5.11804639e-05 -1.30601515e-06 
 2.23872114e+00  5.11702612e-05 -1.46502532e-06 
 2.51188643e+00  5.11574237e-05 -1.64329446e-06 
 2.81838293e+00  5.11412732e-05 -1.84311364e-06 
 3.16227766e+00  5.11209584e-05 -2.06702936e-06 
 3.54813389e+00  5.10954109e-05 -2.31786489e-06 
 3.98107171e+00  5.10632921e-05 -2.59874024e-06 
 4.46683592e+00  5.10229255e-05 -2.91308906e-06 
 5.01187234e+00  5.09722156e-05 -3.26466991e-06 
 5.62341325e+00  5.09085471e-05 -3.65756836e-06 
 6.30957344e+00  5.08286637e-05 -4.09618472e-06 
 7.07945784e+00  5.07285228e-05 -4.58520030e-06 
 7.94328235e+00  5.06031236e-05 -5.12951278e-06 
 8.91250938e+00  5.04463088e-05 -5.73412761e-06 
 1.00000000e+01  5.02505416e-05 -6.40398899e-06 
 1.12201845e+01  5.00066645e-05 -7.14372957e-06 
 1.25892541e+01  4.97036572e-05 -7.95731384e-06 
 1.41253754e+01  4.93284177e-05 -8.84754782e-06 
 1.58489319e+01  4.88656129e-05 -9.81542803e-06 
 1.77827941e+01  4.82976632e-05 -1.08593104e-05 
 1.99526231e+01  4.76049531e-05 -1.19738990e-05 
 2.23872114e+01  4.67663850e-05 -1.31490903e-05 
 2.51188643e+01  4.57604079e-05 -1.43687701e-05 
 2.81838293e+01  4.45666422e-05 -1.56097401e-05 
 3.16227766e+01  4.31681626e-05 -1.68410543e-05 
 3.54813389e+01  4.15543724e-05 -1.80241279e-05 
 3.98107171e+01  3.97241967e-05 -1.91140113e-05 
 4.46683592e+01  3.76890696e-05 -2.00621207e-05 
 5.01187234e+01  3.54749732e-05 -2.08204502e-05 
 5.62341325e+01  3.31227272e-05 -2.13468572e-05 
 6.30957344e+01  3.06859580e-05 -2.16105402e-05 
 7.07945784e+01  2.82267062e-05 -2.15965154e-05 
 7.94328235e+01  2.58093241e-05 -2.13079614e-05 
 8.91250938e+01  2.34938832e-05 -2.07657909e-05 
 1.00000000e+02  2.13304821e-05 -2.00055708e-05 
 1.12201845e+02  1.93555350e-05 -1.90726202e-05 
 1.25892541e+02  1.75904791e-05 -1.80164848e-05 
 1.41253754e+02  1.60426734e-05 -1.68859157e-05 
 1.58489319e+02  1.47078113e-05 -1.57250985e-05 
 1.77827941e+02  1.35730415e-05 -1.45713956e-05 
 1.99526231e+02  1.26201076e-05 -1.34544790e-05 
 2.23872114e+02  1.18280606e-05 -1.23965120e-05 
 2.51188643e+02  1.11753415e-05 -1.14129894e-05 
 2.81838293e+02  1.06412142e-05 -1.05138914e-05 
 3.16227766e+02  1.02066360e-05 -9.70490794e-06 
 3.54813389e+02  9.85469315e-06 -8.98857759e-06 
 3.98107171e+02  9.57073115e-06 -8.36527042e-06 
 4.46683592e+02  9.34228975e-06 -7.83398939e-06 
 5.01187234e+02  9.15892606e-06 -7.39299940e-06 
 5.62341325e+02  9.01198433e-06 -7.04030681e-06 
 6.30957344e+02  8.89435074e-06 -6.77401750e-06 
 7.07945784e+02  8.80021587e-06 -6.59260079e-06 
 7.94328235e+02  8.72485734e-06 -6.49508377e-06 
 8.91250938e+02  8.66444783e-06 -6.48119590e-06 
 1.00000000e+03  8.61588977e-06 -6.55148010e-06 
 1.12201845e+03  8.57667520e-06 -6.70738282e-06 
 1.25892541e+03  8.54476851e-06 -6.95133268e-06 
 1.41253754e+03  8.51850890e-06 -7.28681502e-06 
 1.58489319e+03  8.49652957e-06 -7.71844819e-06 
 1.77827941e+03  8.47769073e-06 -8.25206588e-06 
 1.99526231e+03  8.46102373e-06 -8.89480949e-06 
 2.23872114e+03  8.44568396e-06 -9.65523356e-06 
 2.51188643e+03  8.43091013e-06 -1.05434274e-05 
 2.81838293e+03  8.41598769e-06 -1.15711557e-05 
 3.16227766e+03  8.40021400e-06 -1.27520211e-05 
 3.54813389e+03  8.38286275e-06 -1.41016510e-05 
 3.98107171e+03  8.36314496e-06 -1.56379113e-05 
 4.46683592e+03  8.34016394e-06 -1.73811495e-05 
 5.01187234e+03  8.31286179e-06 -1.93544688e-05 
 5.62341325e+03  8.27995513e-06 -2.15840363e-05 
 6.30957344e+03  8.23985817e-06 -2.40994283e-05 
 7.07945784e+03  8.19059029e-06 -2.69340167e-05 
 7.94328235e+03  8.12966468e-06 -3.01254030e-05 
 8.91250938e+03  8.05395281e-06 -3.37159048e-05 
 1.00000000e+04  7.95951749e-06 -3.77531018e-05 
 1.12201845e+04  7.84140519e-06 -4.22904493e-05 
 1.25892541e+04  7.69338583e-06 -4.73879641e-05 
 1.41253754e+04  7.50762566e-06 -5.31129913e-05 
 1.58489319e+04  7.27427544e-06 -5.95410565e-05 
 1.77827941e+04  6.98095214e-06 -6.67568118e-05 
 1.99526231e+04  6.61208708e-06 -7.48550789e-05 
 2.23872114e+04  6.14810706e-06 -8.39419947e-05 
 2.51188643e+04  5.56440651e-06 -9.41362597e-05 
 2.81838293e+04  4.83005906e-06 -1.05570488e-04 
 3.16227766e+04  3.90620432e-06 -1.18392650e-04 
 3.54813389e+04  2.74403125e-06 -1.32767584e-04 
 3.98107171e+04  1.28226182e-06 -1.48878555e-04 
 4.46683592e+04 -5.55981366e-07 -1.66928801e-04 
 5.01187234e+04 -2.86706254e-06 -1.87142977e-04 
 5.62341325e+04 -5.77163905e-06 -2.09768391e-04 
 6.30957344e+04 -9.42057418e-06 -2.35075845e-04 
 7.07945784e+04 -1.40021653e-05 -2.63359808e-04 
 7.94328235e+04 -1.97509066e-05 -2.94937584e-04 
 8.91250938e+04 -2.69579978e-05 -3.30146946e-04 
 1.00000000e+05 -3.59837632e-05 -3.69341556e-04 
 1.12201845e+05 -4.72720434e-05 -4.12883252e-04 
 1.25892541e+05 -6.13664148e-05 -4.61130008e-04 
 1.41253754e+05 -7.89277487e-05 -5.14418054e-04 
 1.58489319e+05 -1.00752056e-04 -5.73036368e-04 
 1.77827941e+05 -1.27786723e-04 -6.37191511e-04 
 1.99526231e+05 -1.61142030e-04 -7.06960829e-04 
 2.23872114e+05 -2.02093285e-04 -7.82232524e-04 
 2.51188643e+05 -2.52066995e-04 -8.62632414e-04 
 2.81838293e+05 -3.12602643e-04 -9.47439791e-04 
 3.16227766e+05 -3.85280429e-04 -1.03549895e-03 
 3.54813389e+05 -4.71605941e-04 -1.12513900e-03 
 3.98107171e+05 -5.72846685e-04 -1.21412170e-03 
 4.46683592e+05 -6.89824433e-04 -1.29964365e-03 
 5.01187234e+05 -8.22681920e-04 -1.37842162e-03 
 5.62341325e+05 -9.70660877e-04 -1.44688347e-03 
 6.30957344e+05 -1.13194489e-03 -1.50146844e-03 
 7.07945784e+05 -1.30362604e-03 -1.53900979e-03 
 7.94328235e+05 -1.48183934e-03 -1.55713768e-03 
 8.91250938e+05 -1.66207191e-03 -1.55461598e-03 
 1.00000000e+06 -1.83960298e-03 -1.53152842e-03 
 1.12201845e+06 -2.00998785e-03 -1.48926327e-03 
 1.25892541e+06 -2.16948360e-03 -1.43030089e-03 
 1.41253754e+06 -2.31533447e-03 -1.35786145e-03 
 1.58489319e+06 -2.44588052e-03 -1.27549956e-03 
 1.77827941e+06 -2.56050299e-03 -1.18673011e-03 
 1.99526231e+06 -2.65945399e-03 -1.09474249e-03 
 2.23872114e+06 -2.74362974e-03 -1.00222528e-03 
 2.51188643e+06 -2.81433895e-03 -9.11294155e-04 
 2.81838293e+06 -2.87310050e-03 -8.23498818e-04 
 3.16227766e+06 -2.92148661e-03 -7.39880176e-04 
 3.54813389e+06 -2.96101380e-03 -6.61052225e-04 
 3.98107171e+06 -2.99307553e-03 -5.87289931e-04 
 4.46683592e+06 -3.01890746e-03 -5.18611476e-04 
 5.01187234e+06 -3.03957555e-03 -4.54849011e-04 
 5.62341325e+06 -3.05597885e-03 -3.95705994e-04 
 6.30957344e+06 -3.06886063e-03 -3.40801578e-04 
 7.07945784e+06 -3.07882340e-03 -2.89703675e-04 
 7.94328235e+06 -3.08634480e-03 -2.41952767e-04 
 8.91250938e+06 -3.09179253e-03 -1.97078545e-04 
 1.00000000e+07 -3.09543735e-03 -1.54611219e-04 
 1.12201845e+07 -3.09746351e-03 -1.14089146e-04 
 1.25892541e+07 -3.09797655e-03 -7.50641036e-05 
 1.41253754e+07 -3.09700837e-03 -3.71054010e-05 
 1.58489319e+07 -3.09451983e-03  1.96149341e-07 
 1.77827941e+07 -3.09040102e-03  3.72234259e-05 
 1.99526231e+07 -3.08446979e-03  7.43264034e-05 
 2.23872114e+07 -3.07646896e-03  1.11812797e-04 
 2.51188643e+07 -3.06606336e-03  1.49934958e-04 
 2.81838293e+07 -3.05283782e-03  1.88872095e-04 
 3.16227766e+07 -3.03629834e-03  2.28707080e-04 
 3.54813389e+07 -3.01587884e-03  2.69397613e-04 
 3.98107171e+07 -2.99095719e-03  3.10742426e-04 
 4.46683592e+07 -2.96088432e-03  3.52344801e-04 
 5.01187234e+07 -2.92503066e-03  3.93577958e-04 
 5.62341325e+07 -2.88285259e-03  4.33559852e-04 
 6.30957344e+07 -2.83397875e-03  4.71147882e-04 
 7.07945784e+07 -2.77831027e-03  5.04965863e-04 
 7.94328235e+07 -2.71612167e-03  5.33474262e-04 
 8.91250938e+07 -2.64814093e-03  5.55088359e-04 
 1.00000000e+08 -2.57558350e-03  5.68337015e-04 
 1.12201845e+08 -2.50011819e-03  5.72039498e-04 
 1.25892541e+08 -2.42375655e-03  5.65465216e-04 
 1.41253754e+08 -2.34867858e-03  5.48438260e-04 
 1.58489319e+08 -2.27702789e-03  5.21359624e-04 
 1.77827941e+08 -2.21072055e-03  4.85142273e-04 
 1.99526231e+08 -2.15130681e-03  4.41078756e-04 
 2.23872114e+08 -2.09990720e-03  3.90677561e-04 
 2.51188643e+08 -2.05722196e-03  3.35507094e-04 
 2.81838293e+08 -2.02359486e-03  2.77076661e-04 
 3.16227766e+08 -1.99910428e-03  2.16768426e-04 
 3.54813389e+08 -1.98365480e-03  1.55819679e-04 
 3.98107171e+08 -1.97704938e-03  9.53445727e-05 
 4.46683592e+08 -1.97902989e-03  3.63793309e-05 
 5.01187234e+08 -1.98928177e-03 -2.00667042e-05 
 5.62341325e+08 -2.00740522e-03 -7.29713586e-05 
 6.30957344e+08 -2.03286179e-03 -1.21286507e-04 
 7.07945784e+08 -2.06491187e-03 -1.63962725e-04 
 7.94328235e+08 -2.10256394e-03 -2.00015395e-04 
 8.91250938e+08 -2.14455884e-03 -2.28624623e-04 
 1.00000000e+09 -2.18940695e-03 -2.49248164e-04 
