 1.00000000e+00  2.40091579e+02 -1.48503720e-02 
 1.12201845e+00  2.40091579e+02 -1.66623914e-02 
 1.25892541e+00  2.40091579e+02 -1.86955106e-02 
 1.41253754e+00  2.40091579e+02 -2.09767079e-02 
 1.58489319e+00  2.40091578e+02 -2.35362533e-02 
 1.77827941e+00  2.40091577e+02 -2.64081105e-02 
 1.99526231e+00  2.40091577e+02 -2.96303872e-02 
 2.23872114e+00  2.40091576e+02 -3.32458411e-02 
 2.51188643e+00  2.40091575e+02 -3.73024471e-02 
 2.81838293e+00  2.40091573e+02 -4.18540337e-02 
 3.16227766e+00  2.40091571e+02 -4.69609979e-02 
 3.54813389e+00  2.40091569e+02 -5.26911057e-02 
 3.98107171e+00  2.40091566e+02 -5.91203923e-02 
 4.46683592e+00  2.40091562e+02 -6.63341701e-02 
 5.01187234e+00  2.40091557e+02 -7.44281615e-02 
 5.62341325e+00  2.40091551e+02 -8.35097686e-02 
 6.30957344e+00  2.40091544e+02 -9.36994986e-02 
 7.07945784e+00  2.40091534e+02 -1.05132562e-01 
 7.94328235e+00  2.40091522e+02 -1.17960669e-01 
 8.91250938e+00  2.40091507e+02 -1.32354039e-01 
 1.00000000e+01  2.40091488e+02 -1.48503663e-01 
 1.12201845e+01  2.40091464e+02 -1.66623834e-01 
 1.25892541e+01  2.40091434e+02 -1.86954993e-01 
 1.41253754e+01  2.40091397e+02 -2.09766919e-01 
 1.58489319e+01  2.40091349e+02 -2.35362308e-01 
 1.77827941e+01  2.40091289e+02 -2.64080787e-01 
 1.99526231e+01  2.40091214e+02 -2.96303423e-01 
 2.23872114e+01  2.40091119e+02 -3.32457777e-01 
 2.51188643e+01  2.40090999e+02 -3.73023575e-01 
 2.81838293e+01  2.40090849e+02 -4.18539072e-01 
 3.16227766e+01  2.40090659e+02 -4.69608191e-01 
 3.54813389e+01  2.40090421e+02 -5.26908532e-01 
 3.98107171e+01  2.40090121e+02 -5.91200355e-01 
 4.46683592e+01  2.40089743e+02 -6.63336662e-01 
 5.01187234e+01  2.40089267e+02 -7.44274498e-01 
 5.62341325e+01  2.40088668e+02 -8.35087633e-01 
 6.30957344e+01  2.40087914e+02 -9.36980785e-01 
 7.07945784e+01  2.40086965e+02 -1.05130557e+00 
 7.94328235e+01  2.40085770e+02 -1.17957836e+00 
 8.91250938e+01  2.40084266e+02 -1.32350037e+00 
 1.00000000e+02  2.40082372e+02 -1.48498010e+00 
 1.12201845e+02  2.40079988e+02 -1.66615849e+00 
 1.25892541e+02  2.40076986e+02 -1.86943714e+00 
 1.41253754e+02  2.40073208e+02 -2.09750987e+00 
 1.58489319e+02  2.40068451e+02 -2.35339803e+00 
 1.77827941e+02  2.40062463e+02 -2.64048999e+00 
 1.99526231e+02  2.40054925e+02 -2.96258523e+00 
 2.23872114e+02  2.40045436e+02 -3.32394357e+00 
 2.51188643e+02  2.40033490e+02 -3.72933996e+00 
 2.81838293e+02  2.40018454e+02 -4.18412546e+00 
 3.16227766e+02  2.39999527e+02 -4.69429483e+00 
 3.54813389e+02  2.39975704e+02 -5.26656126e+00 
 3.98107171e+02  2.39945718e+02 -5.90843867e+00 
 4.46683592e+02  2.39907980e+02 -6.62833189e+00 
 5.01187234e+02  2.39860487e+02 -7.43563466e+00 
 5.62341325e+02  2.39800724e+02 -8.34083527e+00 
 6.30957344e+02  2.39725529e+02 -9.35562898e+00 
 7.07945784e+02  2.39630931e+02 -1.04930355e+01 
 7.94328235e+02  2.39511945e+02 -1.17675185e+01 
 8.91250938e+02  2.39362320e+02 -1.31951036e+01 
 1.00000000e+03  2.39174220e+02 -1.47934853e+01 
 1.12201845e+03  2.38937836e+02 -1.65821165e+01 
 1.25892541e+03  2.38640912e+02 -1.85822606e+01 
 1.41253754e+03  2.38268157e+02 -2.08169885e+01 
 1.58489319e+03  2.37800543e+02 -2.33110876e+01 
 1.77827941e+03  2.37214462e+02 -2.60908414e+01 
 1.99526231e+03  2.36480736e+02 -2.91836225e+01 
 2.23872114e+03  2.35563474e+02 -3.26172234e+01 
 2.51188643e+03  2.34418805e+02 -3.64188270e+01 
 2.81838293e+03  2.32993515e+02 -4.06134959e+01 
 3.16227766e+03  2.31223702e+02 -4.52220373e+01 
 3.54813389e+03  2.29033607e+02 -5.02580864e+01 
 3.98107171e+03  2.26334891e+02 -5.57242651e+01 
 4.46683592e+03  2.23026753e+02 -6.16073194e+01 
 5.01187234e+03  2.18997436e+02 -6.78722678e+01 
 5.62341325e+03  2.14127785e+02 -7.44558175e+01 
 6.30957344e+03  2.08297626e+02 -8.12596667e+01 
 7.07945784e+03  2.01395570e+02 -8.81448019e+01 
 7.94328235e+03  1.93332513e+02 -9.49284515e+01 
 8.91250938e+03  1.84058236e+02 -1.01385806e+02 
 1.00000000e+04  1.73579331e+02 -1.07258646e+02 
 1.12201845e+04  1.61975237e+02 -1.12272311e+02 
 1.25892541e+04  1.49408051e+02 -1.16160713e+02 
 1.41253754e+04  1.36121773e+02 -1.18696585e+02 
 1.58489319e+04  1.22428218e+02 -1.19721569e+02 
 1.77827941e+04  1.08680135e+02 -1.19169342e+02 
 1.99526231e+04  9.52358894e+01 -1.17075810e+02 
 2.23872114e+04  8.24229568e+01 -1.13573552e+02 
 2.51188643e+04  7.05078729e+01 -1.08872067e+02 
 2.81838293e+04  5.96780611e+01 -1.03229050e+02 
 3.16227766e+04  5.00372271e+01 -9.69195351e+01 
 3.54813389e+04  4.16124103e+01 -9.02088714e+01 
 3.98107171e+04  3.43686279e+01 -8.33332053e+01 
 4.46683592e+04  2.82266311e+01 -7.64884290e+01 
 5.01187234e+04  2.30801612e+01 -6.98265906e+01 
 5.62341325e+04  1.88104879e+01 -6.34577400e+01 
 6.30957344e+04  1.52973332e+01 -5.74550305e+01 
 7.07945784e+04  1.24262222e+01 -5.18612592e+01 
 7.94328235e+04  1.00928160e+01 -4.66955704e+01 
 8.91250938e+04  8.20495842e+00 -4.19595680e+01 
 1.00000000e+05  6.68314838e+00 -3.76424876e+01 
 1.12201845e+05  5.46002160e+00 -3.37253399e+01 
 1.25892541e+05  4.47928279e+00 -3.01840912e+01 
 1.41253754e+05  3.69439063e+00 -2.69920177e+01 
 1.58489319e+05  3.06719033e+00 -2.41213886e+01 
 1.77827941e+05  2.56660847e+00 -2.15446266e+01 
 1.99526231e+05  2.16747009e+00 -1.92350743e+01 
 2.23872114e+05  1.84946250e+00 -1.71674712e+01 
 2.51188643e+05  1.59624927e+00 -1.53182240e+01 
 2.81838293e+05  1.39472545e+00 -1.36655315e+01 
 3.16227766e+05  1.23439958e+00 -1.21894103e+01 
 3.54813389e+05  1.10688592e+00 -1.08716571e+01 
 3.98107171e+05  1.00549013e+00 -9.69576869e+00 
 4.46683592e+05  9.24873380e-01 -8.64683906e+00 
 5.01187234e+05  8.60780994e-01 -7.71144416e+00 
 5.62341325e+05  8.09824111e-01 -6.87752247e+00 
 6.30957344e+05  7.69304441e-01 -6.13425681e+00 
 7.07945784e+05  7.37073861e-01 -5.47196044e+00 
 7.94328235e+05  7.11422104e-01 -4.88196960e+00 
 8.91250938e+05  6.90987004e-01 -4.35654344e+00 
 1.00000000e+06  6.74682786e-01 -3.88877187e+00 
 1.12201845e+06  6.61642783e-01 -3.47249130e+00 
 1.25892541e+06  6.51173619e-01 -3.10220810e+00 
 1.41253754e+06  6.42718518e-01 -2.77302932e+00 
 1.58489319e+06  6.35827808e-01 -2.48060020e+00 
 1.77827941e+06  6.30135104e-01 -2.22104803e+00 
 1.99526231e+06  6.25337922e-01 -1.99093165e+00 
 2.23872114e+06  6.21181709e-01 -1.78719618e+00 
 2.51188643e+06  6.17446486e-01 -1.60713234e+00 
 2.81838293e+06  6.13935416e-01 -1.44833982e+00 
 3.16227766e+06  6.10464761e-01 -1.30869423e+00 
 3.54813389e+06  6.06854768e-01 -1.18631692e+00 
 3.98107171e+06  6.02921149e-01 -1.07954725e+00 
 4.46683592e+06  5.98466884e-01 -9.86916546e-01 
 5.01187234e+06  5.93274242e-01 -9.07123109e-01 
 5.62341325e+06  5.87097019e-01 -8.39007546e-01 
 6.30957344e+06  5.79653279e-01 -7.81527532e-01 
 7.07945784e+06  5.70619137e-01 -7.33731184e-01 
 7.94328235e+06  5.59624582e-01 -6.94728233e-01 
 8.91250938e+06  5.46252864e-01 -6.63658366e-01 
 1.00000000e+07  5.30045603e-01 -6.39656629e-01 
 1.12201845e+07  5.10516366e-01 -6.21816669e-01 
 1.25892541e+07  4.87175832e-01 -6.09154020e-01 
 1.41253754e+07  4.59571360e-01 -6.00573661e-01 
 1.58489319e+07  4.27342379e-01 -5.94848410e-01 
 1.77827941e+07  3.90289905e-01 -5.90616737e-01 
 1.99526231e+07  3.48453689e-01 -5.86409199e-01 
 2.23872114e+07  3.02184538e-01 -5.80710301e-01 
 2.51188643e+07  2.52194376e-01 -5.72056291e-01 
 2.81838293e+07  1.99565409e-01 -5.59159388e-01 
 3.16227766e+07  1.45705147e-01 -5.41038202e-01 
 3.54813389e+07  9.22461886e-02 -5.17127315e-01 
 3.98107171e+07  4.09049882e-02 -4.87340815e-01 
 4.46683592e+07 -6.67425186e-03 -4.52075728e-01 
 5.01187234e+07 -4.90617898e-02 -4.12157613e-01 
 5.62341325e+07 -8.51495623e-02 -3.68744357e-01 
 6.30957344e+07 -1.14215523e-01 -3.23209413e-01 
 7.07945784e+07 -1.35948472e-01 -2.77021843e-01 
 7.94328235e+07 -1.50440951e-01 -2.31632393e-01 
 8.91250938e+07 -1.58155380e-01 -1.88369052e-01 
 1.00000000e+08 -1.59864497e-01 -1.48345555e-01 
 1.12201845e+08 -1.56566886e-01 -1.12390404e-01 
 1.25892541e+08 -1.49383434e-01 -8.10068304e-02 
 1.41253754e+08 -1.39447883e-01 -5.43715587e-02 
 1.58489319e+08 -1.27808712e-01 -3.23721572e-02 
 1.77827941e+08 -1.15357429e-01 -1.46734217e-02 
 1.99526231e+08 -1.02790940e-01 -7.97302619e-04 
 2.23872114e+08 -9.06068693e-02  9.79947899e-03 
 2.51188643e+08 -7.91241166e-02  1.76618411e-02 
 2.81838293e+08 -6.85181218e-02  2.32925338e-02 
 3.16227766e+08 -5.88607784e-02  2.71284653e-02 
 3.54813389e+08 -5.01573610e-02  2.95338370e-02 
 3.98107171e+08 -4.23758788e-02  3.08049701e-02 
 4.46683592e+08 -3.54671533e-02  3.11814171e-02 
 5.01187234e+08 -2.93761981e-02  3.08587228e-02 
 5.62341325e+08 -2.40469623e-02  2.99996104e-02 
 6.30957344e+08 -1.94230870e-02  2.87420091e-02 
 7.07945784e+08 -1.54471094e-02  2.72037959e-02 
 7.94328235e+08 -1.20597885e-02  2.54850785e-02 
 8.91250938e+08 -9.20031124e-03  2.36691765e-02 
 1.00000000e+09 -6.80740230e-03  2.18233031e-02 
