 1.00000000e+00  6.84245174e-02 -1.24622710e-05 
 1.04712855e+00  6.84245172e-02 -1.30495997e-05 
 1.09647820e+00  6.84245169e-02 -1.36646084e-05 
 1.14815362e+00  6.84245167e-02 -1.43086015e-05 
 1.20226443e+00  6.84245164e-02 -1.49829450e-05 
 1.25892541e+00  6.84245160e-02 -1.56890694e-05 
 1.31825674e+00  6.84245157e-02 -1.64284724e-05 
 1.38038426e+00  6.84245153e-02 -1.72027223e-05 
 1.44543977e+00  6.84245149e-02 -1.80134615e-05 
 1.51356125e+00  6.84245144e-02 -1.88624097e-05 
 1.58489319e+00  6.84245139e-02 -1.97513675e-05 
 1.65958691e+00  6.84245133e-02 -2.06822206e-05 
 1.73780083e+00  6.84245127e-02 -2.16569435e-05 
 1.81970086e+00  6.84245121e-02 -2.26776035e-05 
 1.90546072e+00  6.84245113e-02 -2.37463658e-05 
 1.99526231e+00  6.84245105e-02 -2.48654972e-05 
 2.08929613e+00  6.84245096e-02 -2.60373717e-05 
 2.18776162e+00  6.84245086e-02 -2.72644748e-05 
 2.29086765e+00  6.84245076e-02 -2.85494095e-05 
 2.39883292e+00  6.84245064e-02 -2.98949012e-05 
 2.51188643e+00  6.84245051e-02 -3.13038038e-05 
 2.63026799e+00  6.84245037e-02 -3.27791060e-05 
 2.75422870e+00  6.84245022e-02 -3.43239369e-05 
 2.88403150e+00  6.84245005e-02 -3.59415733e-05 
 3.01995172e+00  6.84244986e-02 -3.76354464e-05 
 3.16227766e+00  6.84244966e-02 -3.94091492e-05 
 3.31131121e+00  6.84244944e-02 -4.12664438e-05 
 3.46736850e+00  6.84244919e-02 -4.32112698e-05 
 3.63078055e+00  6.84244893e-02 -4.52477524e-05 
 3.80189396e+00  6.84244863e-02 -4.73802112e-05 
 3.98107171e+00  6.84244831e-02 -4.96131694e-05 
 4.16869383e+00  6.84244796e-02 -5.19513633e-05 
 4.36515832e+00  6.84244757e-02 -5.43997525e-05 
 4.57088190e+00  6.84244715e-02 -5.69635302e-05 
 4.78630092e+00  6.84244668e-02 -5.96481346e-05 
 5.01187234e+00  6.84244617e-02 -6.24592598e-05 
 5.24807460e+00  6.84244561e-02 -6.54028686e-05 
 5.49540874e+00  6.84244500e-02 -6.84852046e-05 
 5.75439937e+00  6.84244433e-02 -7.17128057e-05 
 6.02559586e+00  6.84244359e-02 -7.50925178e-05 
 6.30957344e+00  6.84244278e-02 -7.86315097e-05 
 6.60693448e+00  6.84244189e-02 -8.23372878e-05 
 6.91830971e+00  6.84244092e-02 -8.62177121e-05 
 7.24435960e+00  6.84243985e-02 -9.02810134e-05 
 7.58577575e+00  6.84243868e-02 -9.45358100e-05 
 7.94328235e+00  6.84243740e-02 -9.89911267e-05 
 8.31763771e+00  6.84243600e-02 -1.03656413e-04 
 8.70963590e+00  6.84243446e-02 -1.08541564e-04 
 9.12010839e+00  6.84243277e-02 -1.13656942e-04 
 9.54992586e+00  6.84243091e-02 -1.19013396e-04 
 1.00000000e+01  6.84242888e-02 -1.24622287e-04 
 1.04712855e+01  6.84242666e-02 -1.30495511e-04 
 1.09647820e+01  6.84242421e-02 -1.36645526e-04 
 1.14815362e+01  6.84242154e-02 -1.43085374e-04 
 1.20226443e+01  6.84241860e-02 -1.49828714e-04 
 1.25892541e+01  6.84241538e-02 -1.56889849e-04 
 1.31825674e+01  6.84241185e-02 -1.64283754e-04 
 1.38038426e+01  6.84240798e-02 -1.72026109e-04 
 1.44543977e+01  6.84240374e-02 -1.80133337e-04 
 1.51356125e+01  6.84239908e-02 -1.88622629e-04 
 1.58489319e+01  6.84239398e-02 -1.97511990e-04 
 1.65958691e+01  6.84238838e-02 -2.06820271e-04 
 1.73780083e+01  6.84238225e-02 -2.16567212e-04 
 1.81970086e+01  6.84237552e-02 -2.26773484e-04 
 1.90546072e+01  6.84236815e-02 -2.37460729e-04 
 1.99526231e+01  6.84236006e-02 -2.48651609e-04 
 2.08929613e+01  6.84235119e-02 -2.60369855e-04 
 2.18776162e+01  6.84234147e-02 -2.72640314e-04 
 2.29086765e+01  6.84233081e-02 -2.85489004e-04 
 2.39883292e+01  6.84231912e-02 -2.98943167e-04 
 2.51188643e+01  6.84230631e-02 -3.13031328e-04 
 2.63026799e+01  6.84229225e-02 -3.27783355e-04 
 2.75422870e+01  6.84227684e-02 -3.43230522e-04 
 2.88403150e+01  6.84225995e-02 -3.59405576e-04 
 3.01995172e+01  6.84224142e-02 -3.76342802e-04 
 3.16227766e+01  6.84222111e-02 -3.94078102e-04 
 3.31131121e+01  6.84219884e-02 -4.12649065e-04 
 3.46736850e+01  6.84217442e-02 -4.32095047e-04 
 3.63078055e+01  6.84214764e-02 -4.52457259e-04 
 3.80189396e+01  6.84211828e-02 -4.73778844e-04 
 3.98107171e+01  6.84208609e-02 -4.96104979e-04 
 4.16869383e+01  6.84205079e-02 -5.19482961e-04 
 4.36515832e+01  6.84201209e-02 -5.43962309e-04 
 4.57088190e+01  6.84196966e-02 -5.69594869e-04 
 4.78630092e+01  6.84192313e-02 -5.96434923e-04 
 5.01187234e+01  6.84187211e-02 -6.24539298e-04 
 5.24807460e+01  6.84181617e-02 -6.53967489e-04 
 5.49540874e+01  6.84175484e-02 -6.84781783e-04 
 5.75439937e+01  6.84168758e-02 -7.17047385e-04 
 6.02559586e+01  6.84161385e-02 -7.50832556e-04 
 6.30957344e+01  6.84153300e-02 -7.86208754e-04 
 6.60693448e+01  6.84144435e-02 -8.23250781e-04 
 6.91830971e+01  6.84134715e-02 -8.62036938e-04 
 7.24435960e+01  6.84124058e-02 -9.02649184e-04 
 7.58577575e+01  6.84112373e-02 -9.45173309e-04 
 7.94328235e+01  6.84099561e-02 -9.89699101e-04 
 8.31763771e+01  6.84085514e-02 -1.03632054e-03 
 8.70963590e+01  6.84070112e-02 -1.08513597e-03 
 9.12010839e+01  6.84053225e-02 -1.13624832e-03 
 9.54992586e+01  6.84034710e-02 -1.18976530e-03 
 1.00000000e+02  6.84014409e-02 -1.24579960e-03 
 1.04712855e+02  6.83992152e-02 -1.30446915e-03 
 1.09647820e+02  6.83967748e-02 -1.36589732e-03 
 1.14815362e+02  6.83940993e-02 -1.43021316e-03 
 1.20226443e+02  6.83911658e-02 -1.49755170e-03 
 1.25892541e+02  6.83879497e-02 -1.56805413e-03 
 1.31825674e+02  6.83844235e-02 -1.64186813e-03 
 1.38038426e+02  6.83805577e-02 -1.71914813e-03 
 1.44543977e+02  6.83763193e-02 -1.80005559e-03 
 1.51356125e+02  6.83716727e-02 -1.88475931e-03 
 1.58489319e+02  6.83665785e-02 -1.97343571e-03 
 1.65958691e+02  6.83609937e-02 -2.06626916e-03 
 1.73780083e+02  6.83548712e-02 -2.16345232e-03 
 1.81970086e+02  6.83481593e-02 -2.26518642e-03 
 1.90546072e+02  6.83408013e-02 -2.37168163e-03 
 1.99526231e+02  6.83327353e-02 -2.48315740e-03 
 2.08929613e+02  6.83238934e-02 -2.59984277e-03 
 2.18776162e+02  6.83142011e-02 -2.72197676e-03 
 2.29086765e+02  6.83035769e-02 -2.84980868e-03 
 2.39883292e+02  6.82919315e-02 -2.98359851e-03 
 2.51188643e+02  6.82791673e-02 -3.12361720e-03 
 2.63026799e+02  6.82651772e-02 -3.27014705e-03 
 2.75422870e+02  6.82498440e-02 -3.42348197e-03 
 2.88403150e+02  6.82330396e-02 -3.58392787e-03 
 3.01995172e+02  6.82146236e-02 -3.75180288e-03 
 3.16227766e+02  6.81944424e-02 -3.92743763e-03 
 3.31131121e+02  6.81723282e-02 -4.11117549e-03 
 3.46736850e+02  6.81480972e-02 -4.30337274e-03 
 3.63078055e+02  6.81215486e-02 -4.50439872e-03 
 3.80189396e+02  6.80924628e-02 -4.71463591e-03 
 3.98107171e+02  6.80605998e-02 -4.93447991e-03 
 4.16869383e+02  6.80256976e-02 -5.16433937e-03 
 4.36515832e+02  6.79874700e-02 -5.40463582e-03 
 4.57088190e+02  6.79456044e-02 -5.65580336e-03 
 4.78630092e+02  6.78997600e-02 -5.91828817e-03 
 5.01187234e+02  6.78495648e-02 -6.19254798e-03 
 5.24807460e+02  6.77946137e-02 -6.47905122e-03 
 5.49540874e+02  6.77344649e-02 -6.77827600e-03 
 5.75439937e+02  6.76686377e-02 -7.09070889e-03 
 6.02559586e+02  6.75966091e-02 -7.41684331e-03 
 6.30957344e+02  6.75178104e-02 -7.75717769e-03 
 6.60693448e+02  6.74316239e-02 -8.11221320e-03 
 6.91830971e+02  6.73373792e-02 -8.48245108e-03 
 7.24435960e+02  6.72343496e-02 -8.86838948e-03 
 7.58577575e+02  6.71217479e-02 -9.27051976e-03 
 7.94328235e+02  6.69987228e-02 -9.68932225e-03 
 8.31763771e+02  6.68643549e-02 -1.01252613e-02 
 8.70963590e+02  6.67176523e-02 -1.05787795e-02 
 9.12010839e+02  6.65575471e-02 -1.10502914e-02 
 9.54992586e+02  6.63828917e-02 -1.15401759e-02 
 1.00000000e+03  6.61924549e-02 -1.20487680e-02 
 1.04712855e+03  6.59849190e-02 -1.25763497e-02 
 1.09647820e+03  6.57588776e-02 -1.31231392e-02 
 1.14815362e+03  6.55128329e-02 -1.36892794e-02 
 1.20226443e+03  6.52451953e-02 -1.42748252e-02 
 1.25892541e+03  6.49542835e-02 -1.48797295e-02 
 1.31825674e+03  6.46383254e-02 -1.55038279e-02 
 1.38038426e+03  6.42954617e-02 -1.61468221e-02 
 1.44543977e+03  6.39237509e-02 -1.68082630e-02 
 1.51356125e+03  6.35211761e-02 -1.74875316e-02 
 1.58489319e+03  6.30856555e-02 -1.81838199e-02 
 1.65958691e+03  6.26150548e-02 -1.88961115e-02 
 1.73780083e+03  6.21072039e-02 -1.96231612e-02 
 1.81970086e+03  6.15599164e-02 -2.03634759e-02 
 1.90546072e+03  6.09710136e-02 -2.11152954e-02 
 1.99526231e+03  6.03383529e-02 -2.18765755e-02 
 2.08929613e+03  5.96598601e-02 -2.26449729e-02 
 2.18776162e+03  5.89335661e-02 -2.34178335e-02 
 2.29086765e+03  5.81576487e-02 -2.41921850e-02 
 2.39883292e+03  5.73304774e-02 -2.49647340e-02 
 2.51188643e+03  5.64506623e-02 -2.57318707e-02 
 2.63026799e+03  5.55171052e-02 -2.64896792e-02 
 2.75422870e+03  5.45290529e-02 -2.72339581e-02 
 2.88403150e+03  5.34861500e-02 -2.79602484e-02 
 3.01995172e+03  5.23884907e-02 -2.86638732e-02 
 3.16227766e+03  5.12366671e-02 -2.93399859e-02 
 3.31131121e+03  5.00318120e-02 -2.99836301e-02 
 3.46736850e+03  4.87756341e-02 -3.05898081e-02 
 3.63078055e+03  4.74704434e-02 -3.11535588e-02 
 3.80189396e+03  4.61191638e-02 -3.16700424e-02 
 3.98107171e+03  4.47253328e-02 -3.21346307e-02 
 4.16869383e+03  4.32930846e-02 -3.25429989e-02 
 4.36515832e+03  4.18271182e-02 -3.28912173e-02 
 4.57088190e+03  4.03326474e-02 -3.31758395e-02 
 4.78630092e+03  3.88153363e-02 -3.33939824e-02 
 5.01187234e+03  3.72812188e-02 -3.35433957e-02 
 5.24807460e+03  3.57366070e-02 -3.36225177e-02 
 5.49540874e+03  3.41879883e-02 -3.36305152e-02 
 5.75439937e+03  3.26419182e-02 -3.35673043e-02 
 6.02559586e+03  3.11049086e-02 -3.34335529e-02 
 6.30957344e+03  2.95833199e-02 -3.32306632e-02 
 6.60693448e+03  2.80832564e-02 -3.29607366e-02 
 6.91830971e+03  2.66104717e-02 -3.26265213e-02 
 7.24435960e+03  2.51702865e-02 -3.22313450e-02 
 7.58577575e+03  2.37675189e-02 -3.17790373e-02 
 7.94328235e+03  2.24064327e-02 -3.12738431e-02 
 8.31763771e+03  2.10907000e-02 -3.07203314e-02 
 8.70963590e+03  1.98233823e-02 -3.01233030e-02 
 9.12010839e+03  1.86069254e-02 -2.94876997e-02 
 9.54992586e+03  1.74431702e-02 -2.88185184e-02 
 1.00000000e+04  1.63333752e-02 -2.81207312e-02 
 1.04712855e+04  1.52782494e-02 -2.73992150e-02 
 1.09647820e+04  1.42779939e-02 -2.66586895e-02 
 1.14815362e+04  1.33323492e-02 -2.59036660e-02 
 1.20226443e+04  1.24406458e-02 -2.51384066e-02 
 1.25892541e+04  1.16018581e-02 -2.43668931e-02 
 1.31825674e+04  1.08146565e-02 -2.35928051e-02 
 1.38038426e+04  1.00774598e-02 -2.28195073e-02 
 1.44543977e+04  9.38848433e-03 -2.20500440e-02 
 1.51356125e+04  8.74579020e-03 -2.12871400e-02 
 1.58489319e+04  8.14732320e-03 -2.05332073e-02 
 1.65958691e+04  7.59095291e-03 -1.97903559e-02 
 1.73780083e+04  7.07450614e-03 -1.90604082e-02 
 1.81970086e+04  6.59579605e-03 -1.83449158e-02 
 1.90546072e+04  6.15264696e-03 -1.76451778e-02 
 1.99526231e+04  5.74291512e-03 -1.69622603e-02 
 2.08929613e+04  5.36450575e-03 -1.62970165e-02 
 2.18776162e+04  5.01538663e-03 -1.56501061e-02 
 2.29086765e+04  4.69359866e-03 -1.50220152e-02 
 2.39883292e+04  4.39726367e-03 -1.44130745e-02 
 2.51188643e+04  4.12458994e-03 -1.38234773e-02 
 2.63026799e+04  3.87387566e-03 -1.32532962e-02 
 2.75422870e+04  3.64351073e-03 -1.27024982e-02 
 2.88403150e+04  3.43197709e-03 -1.21709595e-02 
 3.01995172e+04  3.23784798e-03 -1.16584783e-02 
 3.16227766e+04  3.05978617e-03 -1.11647866e-02 
 3.31131121e+04  2.89654153e-03 -1.06895611e-02 
 3.46736850e+04  2.74694801e-03 -1.02324325e-02 
 3.63078055e+04  2.60992026e-03 -9.79299436e-03 
 3.80189396e+04  2.48444990e-03 -9.37081057e-03 
 3.98107171e+04  2.36960162e-03 -8.96542194e-03 
 4.16869383e+04  2.26450926e-03 -8.57635213e-03 
 4.36515832e+04  2.16837177e-03 -8.20311277e-03 
 4.57088190e+04  2.08044928e-03 -7.84520782e-03 
 4.78630092e+04  2.00005916e-03 -7.50213745e-03 
 5.01187234e+04  1.92657227e-03 -7.17340130e-03 
 5.24807460e+04  1.85940934e-03 -6.85850120e-03 
 5.49540874e+04  1.79803741e-03 -6.55694359e-03 
 5.75439937e+04  1.74196656e-03 -6.26824144e-03 
 6.02559586e+04  1.69074675e-03 -5.99191588e-03 
 6.30957344e+04  1.64396479e-03 -5.72749755e-03 
 6.60693448e+04  1.60124161e-03 -5.47452765e-03 
 6.91830971e+04  1.56222959e-03 -5.23255880e-03 
 7.24435960e+04  1.52661011e-03 -5.00115566e-03 
 7.58577575e+04  1.49409125e-03 -4.77989547e-03 
 7.94328235e+04  1.46440569e-03 -4.56836833e-03 
 8.31763771e+04  1.43730868e-03 -4.36617746e-03 
 8.70963590e+04  1.41257626e-03 -4.17293925e-03 
 9.12010839e+04  1.39000352e-03 -3.98828335e-03 
 9.54992586e+04  1.36940304e-03 -3.81185255e-03 
 1.00000000e+05  1.35060344e-03 -3.64330270e-03 
 1.04712855e+05  1.33344805e-03 -3.48230252e-03 
 1.09647820e+05  1.31779365e-03 -3.32853339e-03 
 1.14815362e+05  1.30350939e-03 -3.18168909e-03 
 1.20226443e+05  1.29047567e-03 -3.04147554e-03 
 1.25892541e+05  1.27858326e-03 -2.90761051e-03 
 1.31825674e+05  1.26773237e-03 -2.77982326e-03 
 1.38038426e+05  1.25783185e-03 -2.65785427e-03 
 1.44543977e+05  1.24879847e-03 -2.54145486e-03 
 1.51356125e+05  1.24055621e-03 -2.43038691e-03 
 1.58489319e+05  1.23303567e-03 -2.32442244e-03 
 1.65958691e+05  1.22617346e-03 -2.22334334e-03 
 1.73780083e+05  1.21991173e-03 -2.12694099e-03 
 1.81970086e+05  1.21419763e-03 -2.03501596e-03 
 1.90546072e+05  1.20898292e-03 -1.94737766e-03 
 1.99526231e+05  1.20422357e-03 -1.86384402e-03 
 2.08929613e+05  1.19987936e-03 -1.78424120e-03 
 2.18776162e+05  1.19591356e-03 -1.70840324e-03 
 2.29086765e+05  1.19229264e-03 -1.63617180e-03 
 2.39883292e+05  1.18898596e-03 -1.56739587e-03 
 2.51188643e+05  1.18596555e-03 -1.50193149e-03 
 2.63026799e+05  1.18320583e-03 -1.43964144e-03 
 2.75422870e+05  1.18068345e-03 -1.38039505e-03 
 2.88403150e+05  1.17837704e-03 -1.32406790e-03 
 3.01995172e+05  1.17626707e-03 -1.27054159e-03 
 3.16227766e+05  1.17433566e-03 -1.21970352e-03 
 3.31131121e+05  1.17256645e-03 -1.17144668e-03 
 3.46736850e+05  1.17094444e-03 -1.12566938e-03 
 3.63078055e+05  1.16945590e-03 -1.08227514e-03 
 3.80189396e+05  1.16808819e-03 -1.04117241e-03 
 3.98107171e+05  1.16682973e-03 -1.00227443e-03 
 4.16869383e+05  1.16566985e-03 -9.65499055e-04 
 4.36515832e+05  1.16459873e-03 -9.30768569e-04 
 4.57088190e+05  1.16360727e-03 -8.98009537e-04 
 4.78630092e+05  1.16268708e-03 -8.67152654e-04 
 5.01187234e+05  1.16183036e-03 -8.38132597e-04 
 5.24807460e+05  1.16102985e-03 -8.10887892e-04 
 5.49540874e+05  1.16027877e-03 -7.85360784e-04 
 5.75439937e+05  1.15957076e-03 -7.61497115e-04 
 6.02559586e+05  1.15889983e-03 -7.39246211e-04 
 6.30957344e+05  1.15826031e-03 -7.18560769e-04 
 6.60693448e+05  1.15764680e-03 -6.99396760e-04 
 6.91830971e+05  1.15705411e-03 -6.81713329e-04 
 7.24435960e+05  1.15647725e-03 -6.65472708e-04 
 7.58577575e+05  1.15591138e-03 -6.50640125e-04 
 7.94328235e+05  1.15535173e-03 -6.37183731e-04 
 8.31763771e+05  1.15479362e-03 -6.25074522e-04 
 8.70963590e+05  1.15423238e-03 -6.14286268e-04 
 9.12010839e+05  1.15366333e-03 -6.04795450e-04 
 9.54992586e+05  1.15308176e-03 -5.96581195e-04 
 1.00000000e+06  1.15248285e-03 -5.89625220e-04 
 1.04712855e+06  1.15186167e-03 -5.83911779e-04 
 1.09647820e+06  1.15121313e-03 -5.79427607e-04 
 1.14815362e+06  1.15053194e-03 -5.76161875e-04 
 1.20226443e+06  1.14981258e-03 -5.74106140e-04 
 1.25892541e+06  1.14904927e-03 -5.73254300e-04 
 1.31825674e+06  1.14823590e-03 -5.73602554e-04 
 1.38038426e+06  1.14736603e-03 -5.75149349e-04 
 1.44543977e+06  1.14643281e-03 -5.77895345e-04 
 1.51356125e+06  1.14542898e-03 -5.81843364e-04 
 1.58489319e+06  1.14434680e-03 -5.86998345e-04 
 1.65958691e+06  1.14317804e-03 -5.93367295e-04 
 1.73780083e+06  1.14191390e-03 -6.00959233e-04 
 1.81970086e+06  1.14054501e-03 -6.09785134e-04 
 1.90546072e+06  1.13906137e-03 -6.19857865e-04 
 1.99526231e+06  1.13745233e-03 -6.31192115e-04 
 2.08929613e+06  1.13570658e-03 -6.43804312e-04 
 2.18776162e+06  1.13381209e-03 -6.57712536e-04 
 2.29086765e+06  1.13175612e-03 -6.72936421e-04 
 2.39883292e+06  1.12952522e-03 -6.89497036e-04 
 2.51188643e+06  1.12710524e-03 -7.07416759e-04 
 2.63026799e+06  1.12448137e-03 -7.26719135e-04 
 2.75422870e+06  1.12163815e-03 -7.47428713e-04 
 2.88403150e+06  1.11855962e-03 -7.69570865e-04 
 3.01995172e+06  1.11522939e-03 -7.93171586e-04 
 3.16227766e+06  1.11163078e-03 -8.18257278e-04 
 3.31131121e+06  1.10774708e-03 -8.44854506e-04 
 3.46736850e+06  1.10356178e-03 -8.72989742e-04 
 3.63078055e+06  1.09905892e-03 -9.02689092e-04 
 3.80189396e+06  1.09422351e-03 -9.33978004e-04 
 3.98107171e+06  1.08904208e-03 -9.66880979e-04 
 4.16869383e+06  1.08350330e-03 -1.00142128e-03 
 4.36515832e+06  1.07759880e-03 -1.03762064e-03 
 4.57088190e+06  1.07132409e-03 -1.07549906e-03 
 4.78630092e+06  1.06467973e-03 -1.11507456e-03 
 5.01187234e+06  1.05767265e-03 -1.15636310e-03 
 5.24807460e+06  1.05031774e-03 -1.19937859e-03 
 5.49540874e+06  1.04263972e-03 -1.24413303e-03 
 5.75439937e+06  1.03467524e-03 -1.29063694e-03 
 6.02559586e+06  1.02647540e-03 -1.33890001e-03 
 6.30957344e+06  1.01810845e-03 -1.38893215e-03 
 6.60693448e+06  1.00966298e-03 -1.44074504e-03 
 6.91830971e+06  1.00125136e-03 -1.49435426e-03 
 7.24435960e+06  9.93013532e-04 -1.54978214e-03 
 7.58577575e+06  9.85121094e-04 -1.60706152e-03 
 7.94328235e+06  9.77781552e-04 -1.66624064e-03 
 8.31763771e+06  9.71242716e-04 -1.72738925e-03 
 8.70963590e+06  9.65797015e-04 -1.79060631e-03 
 9.12010839e+06  9.61785545e-04 -1.85602935e-03 
 9.54992586e+06  9.59601536e-04 -1.92384595e-03 
 1.00000000e+07  9.59692893e-04 -1.99430730e-03 
 1.04712855e+07  9.62563300e-04 -2.06774436e-03 
 1.09647820e+07  9.68771338e-04 -2.14458656e-03 
 1.14815362e+07  9.78926875e-04 -2.22538322e-03 
 1.20226443e+07  9.93683906e-04 -2.31082782e-03 
 1.25892541e+07  1.01372887e-03 -2.40178475e-03 
 1.31825674e+07  1.03976332e-03 -2.49931850e-03 
 1.38038426e+07  1.07247973e-03 -2.60472455e-03 
 1.44543977e+07  1.11252911e-03 -2.71956115e-03 
 1.51356125e+07  1.16047898e-03 -2.84568086e-03 
 1.58489319e+07  1.21676042e-03 -2.98526015e-03 
 1.65958691e+07  1.28160272e-03 -3.14082489e-03 
 1.73780083e+07  1.35495450e-03 -3.31526897e-03 
 1.81970086e+07  1.43639049e-03 -3.51186270e-03 
 1.90546072e+07  1.52500353e-03 -3.73424675e-03 
 1.99526231e+07  1.61928216e-03 -3.98640674e-03 
 2.08929613e+07  1.71697524e-03 -4.27262273e-03 
 2.18776162e+07  1.81494631e-03 -4.59738715e-03 
 2.29086765e+07  1.90902258e-03 -4.96528406e-03 
 2.39883292e+07  1.99384543e-03 -5.38082256e-03 
 2.51188643e+07  2.06273272e-03 -5.84821728e-03 
 2.63026799e+07  2.10756657e-03 -6.37111014e-03 
 2.75422870e+07  2.11872439e-03 -6.95223000e-03 
 2.88403150e+07  2.08507497e-03 -7.59299103e-03 
 3.01995172e+07  1.99406523e-03 -8.29303687e-03 
 3.16227766e+07  1.83192568e-03 -9.04974642e-03 
 3.31131121e+07  1.58402207e-03 -9.85772870e-03 
 3.46736850e+07  1.23537660e-03 -1.07083471e-02 
 3.63078055e+07  7.71371642e-04 -1.15893277e-02 
 3.80189396e+07  1.78631774e-04 -1.24845177e-02 
 3.98107171e+07 -5.53944629e-04 -1.33738671e-02 
 4.16869383e+07 -1.43406347e-03 -1.42337051e-02 
 4.36515832e+07 -2.46491417e-03 -1.50373634e-02 
 4.57088190e+07 -3.64416977e-03 -1.57561709e-02 
 4.78630092e+07 -4.96324318e-03 -1.63607952e-02 
 5.01187234e+07 -6.40693056e-03 -1.68228531e-02 
 5.24807460e+07 -7.95354327e-03 -1.71166555e-02 
 5.49540874e+07 -9.57557562e-03 -1.72209152e-02 
 5.75439937e+07 -1.12408849e-02 -1.71202277e-02 
 6.02559586e+07 -1.29142862e-02 -1.68061545e-02 
 6.30957344e+07 -1.45594032e-02 -1.62777872e-02 
 6.60693448e+07 -1.61405817e-02 -1.55417413e-02 
 6.91830971e+07 -1.76246741e-02 -1.46116058e-02 
 7.24435960e+07 -1.89825318e-02 -1.35069438e-02 
 7.58577575e+07 -2.01900986e-02 -1.22519820e-02 
 7.94328235e+07 -2.12290611e-02 -1.08741456e-02 
 8.31763771e+07 -2.20870683e-02 -9.40258706e-03 
 8.70963590e+07 -2.27575777e-02 -7.86682478e-03 
 9.12010839e+07 -2.32394120e-02 -6.29557612e-03 
 9.54992586e+07 -2.35361164e-02 -4.71582582e-03 
 1.00000000e+08 -2.36552039e-02 -3.15214121e-03 
