 1.00000000e+00  1.67516314e+03 -3.10274862e-01 
 1.04712855e+00  1.67516313e+03 -3.24897665e-01 
 1.09647820e+00  1.67516313e+03 -3.40209619e-01 
 1.14815362e+00  1.67516312e+03 -3.56243203e-01 
 1.20226443e+00  1.67516311e+03 -3.73032426e-01 
 1.25892541e+00  1.67516311e+03 -3.90612901e-01 
 1.31825674e+00  1.67516310e+03 -4.09021918e-01 
 1.38038426e+00  1.67516309e+03 -4.28298525e-01 
 1.44543977e+00  1.67516308e+03 -4.48483609e-01 
 1.51356125e+00  1.67516307e+03 -4.69619987e-01 
 1.58489319e+00  1.67516305e+03 -4.91752492e-01 
 1.65958691e+00  1.67516304e+03 -5.14928068e-01 
 1.73780083e+00  1.67516302e+03 -5.39195876e-01 
 1.81970086e+00  1.67516301e+03 -5.64607389e-01 
 1.90546072e+00  1.67516299e+03 -5.91216509e-01 
 1.99526231e+00  1.67516297e+03 -6.19079677e-01 
 2.08929613e+00  1.67516295e+03 -6.48255995e-01 
 2.18776162e+00  1.67516292e+03 -6.78807349e-01 
 2.29086765e+00  1.67516290e+03 -7.10798542e-01 
 2.39883292e+00  1.67516287e+03 -7.44297433e-01 
 2.51188643e+00  1.67516283e+03 -7.79375075e-01 
 2.63026799e+00  1.67516280e+03 -8.16105874e-01 
 2.75422870e+00  1.67516276e+03 -8.54567739e-01 
 2.88403150e+00  1.67516272e+03 -8.94842253e-01 
 3.01995172e+00  1.67516267e+03 -9.37014844e-01 
 3.16227766e+00  1.67516262e+03 -9.81174963e-01 
 3.31131121e+00  1.67516257e+03 -1.02741628e+00 
 3.46736850e+00  1.67516251e+03 -1.07583688e+00 
 3.63078055e+00  1.67516244e+03 -1.12653946e+00 
 3.80189396e+00  1.67516237e+03 -1.17963158e+00 
 3.98107171e+00  1.67516229e+03 -1.23522585e+00 
 4.16869383e+00  1.67516220e+03 -1.29344018e+00 
 4.36515832e+00  1.67516210e+03 -1.35439806e+00 
 4.57088190e+00  1.67516200e+03 -1.41822878e+00 
 4.78630092e+00  1.67516188e+03 -1.48506774e+00 
 5.01187234e+00  1.67516175e+03 -1.55505671e+00 
 5.24807460e+00  1.67516161e+03 -1.62834414e+00 
 5.49540874e+00  1.67516146e+03 -1.70508548e+00 
 5.75439937e+00  1.67516129e+03 -1.78544351e+00 
 6.02559586e+00  1.67516111e+03 -1.86958866e+00 
 6.30957344e+00  1.67516091e+03 -1.95769943e+00 
 6.60693448e+00  1.67516069e+03 -2.04996269e+00 
 6.91830971e+00  1.67516045e+03 -2.14657414e+00 
 7.24435960e+00  1.67516018e+03 -2.24773871e+00 
 7.58577575e+00  1.67515989e+03 -2.35367096e+00 
 7.94328235e+00  1.67515957e+03 -2.46459559e+00 
 8.31763771e+00  1.67515922e+03 -2.58074786e+00 
 8.70963590e+00  1.67515884e+03 -2.70237414e+00 
 9.12010839e+00  1.67515842e+03 -2.82973240e+00 
 9.54992586e+00  1.67515796e+03 -2.96309276e+00 
 1.00000000e+01  1.67515745e+03 -3.10273808e+00 
 1.04712855e+01  1.67515689e+03 -3.24896455e+00 
 1.09647820e+01  1.67515629e+03 -3.40208229e+00 
 1.14815362e+01  1.67515562e+03 -3.56241608e+00 
 1.20226443e+01  1.67515489e+03 -3.73030594e+00 
 1.25892541e+01  1.67515409e+03 -3.90610798e+00 
 1.31825674e+01  1.67515321e+03 -4.09019503e+00 
 1.38038426e+01  1.67515224e+03 -4.28295752e+00 
 1.44543977e+01  1.67515119e+03 -4.48480426e+00 
 1.51356125e+01  1.67515003e+03 -4.69616332e+00 
 1.58489319e+01  1.67514876e+03 -4.91748295e+00 
 1.65958691e+01  1.67514737e+03 -5.14923250e+00 
 1.73780083e+01  1.67514584e+03 -5.39190343e+00 
 1.81970086e+01  1.67514416e+03 -5.64601037e+00 
 1.90546072e+01  1.67514233e+03 -5.91209216e+00 
 1.99526231e+01  1.67514031e+03 -6.19071303e+00 
 2.08929613e+01  1.67513811e+03 -6.48246380e+00 
 2.18776162e+01  1.67513569e+03 -6.78796310e+00 
 2.29086765e+01  1.67513303e+03 -7.10785868e+00 
 2.39883292e+01  1.67513012e+03 -7.44282881e+00 
 2.51188643e+01  1.67512693e+03 -7.79358367e+00 
 2.63026799e+01  1.67512343e+03 -8.16086691e+00 
 2.75422870e+01  1.67511960e+03 -8.54545714e+00 
 2.88403150e+01  1.67511539e+03 -8.94816965e+00 
 3.01995172e+01  1.67511078e+03 -9.36985809e+00 
 3.16227766e+01  1.67510572e+03 -9.81141627e+00 
 3.31131121e+01  1.67510017e+03 -1.02737801e+01 
 3.46736850e+01  1.67509409e+03 -1.07579293e+01 
 3.63078055e+01  1.67508743e+03 -1.12648901e+01 
 3.80189396e+01  1.67508012e+03 -1.17957365e+01 
 3.98107171e+01  1.67507210e+03 -1.23515933e+01 
 4.16869383e+01  1.67506331e+03 -1.29336381e+01 
 4.36515832e+01  1.67505368e+03 -1.35431038e+01 
 4.57088190e+01  1.67504311e+03 -1.41812811e+01 
 4.78630092e+01  1.67503153e+03 -1.48495216e+01 
 5.01187234e+01  1.67501883e+03 -1.55492401e+01 
 5.24807460e+01  1.67500490e+03 -1.62819178e+01 
 5.49540874e+01  1.67498963e+03 -1.70491055e+01 
 5.75439937e+01  1.67497288e+03 -1.78524265e+01 
 6.02559586e+01  1.67495453e+03 -1.86935805e+01 
 6.30957344e+01  1.67493440e+03 -1.95743466e+01 
 6.60693448e+01  1.67491232e+03 -2.04965870e+01 
 6.91830971e+01  1.67488812e+03 -2.14622512e+01 
 7.24435960e+01  1.67486159e+03 -2.24733798e+01 
 7.58577575e+01  1.67483250e+03 -2.35321087e+01 
 7.94328235e+01  1.67480060e+03 -2.46406735e+01 
 8.31763771e+01  1.67476563e+03 -2.58014137e+01 
 8.70963590e+01  1.67472728e+03 -2.70167781e+01 
 9.12010839e+01  1.67468523e+03 -2.82893293e+01 
 9.54992586e+01  1.67463914e+03 -2.96217487e+01 
 1.00000000e+02  1.67458859e+03 -3.10168424e+01 
 1.04712855e+02  1.67453318e+03 -3.24775461e+01 
 1.09647820e+02  1.67447242e+03 -3.40069316e+01 
 1.14815362e+02  1.67440580e+03 -3.56082120e+01 
 1.20226443e+02  1.67433277e+03 -3.72847486e+01 
 1.25892541e+02  1.67425269e+03 -3.90400571e+01 
 1.31825674e+02  1.67416490e+03 -4.08778143e+01 
 1.38038426e+02  1.67406865e+03 -4.28018650e+01 
 1.44543977e+02  1.67396312e+03 -4.48162290e+01 
 1.51356125e+02  1.67384743e+03 -4.69251089e+01 
 1.58489319e+02  1.67372060e+03 -4.91328972e+01 
 1.65958691e+02  1.67358155e+03 -5.14441843e+01 
 1.73780083e+02  1.67342912e+03 -5.38637665e+01 
 1.81970086e+02  1.67326201e+03 -5.63966542e+01 
 1.90546072e+02  1.67307881e+03 -5.90480798e+01 
 1.99526231e+02  1.67287799e+03 -6.18235070e+01 
 2.08929613e+02  1.67265785e+03 -6.47286384e+01 
 2.18776162e+02  1.67241653e+03 -6.77694247e+01 
 2.29086765e+02  1.67215201e+03 -7.09520732e+01 
 2.39883292e+02  1.67186207e+03 -7.42830565e+01 
 2.51188643e+02  1.67154427e+03 -7.77691206e+01 
 2.63026799e+02  1.67119595e+03 -8.14172936e+01 
 2.75422870e+02  1.67081419e+03 -8.52348937e+01 
 2.88403150e+02  1.67039580e+03 -8.92295366e+01 
 3.01995172e+02  1.66993729e+03 -9.34091429e+01 
 3.16227766e+02  1.66943483e+03 -9.77819444e+01 
 3.31131121e+02  1.66888424e+03 -1.02356490e+02 
 3.46736850e+02  1.66828094e+03 -1.07141650e+02 
 3.63078055e+02  1.66761995e+03 -1.12146620e+02 
 3.80189396e+02  1.66689578e+03 -1.17380923e+02 
 3.98107171e+02  1.66610247e+03 -1.22854407e+02 
 4.16869383e+02  1.66523349e+03 -1.28577248e+02 
 4.36515832e+02  1.66428171e+03 -1.34559940e+02 
 4.57088190e+02  1.66323936e+03 -1.40813289e+02 
 4.78630092e+02  1.66209795e+03 -1.47348407e+02 
 5.01187234e+02  1.66084821e+03 -1.54176688e+02 
 5.24807460e+02  1.65948006e+03 -1.61309794e+02 
 5.49540874e+02  1.65798250e+03 -1.68759631e+02 
 5.75439937e+02  1.65634356e+03 -1.76538310e+02 
 6.02559586e+02  1.65455022e+03 -1.84658118e+02 
 6.30957344e+02  1.65258832e+03 -1.93131463e+02 
 6.60693448e+02  1.65044249e+03 -2.01970824e+02 
 6.91830971e+02  1.64809602e+03 -2.11188679e+02 
 7.24435960e+02  1.64553083e+03 -2.20797431e+02 
 7.58577575e+02  1.64272732e+03 -2.30809313e+02 
 7.94328235e+02  1.63966429e+03 -2.41236283e+02 
 8.31763771e+02  1.63631886e+03 -2.52089903e+02 
 8.70963590e+02  1.63266632e+03 -2.63381192e+02 
 9.12010839e+02  1.62868008e+03 -2.75120470e+02 
 9.54992586e+02  1.62433159e+03 -2.87317170e+02 
 1.00000000e+03  1.61959017e+03 -2.99979634e+02 
 1.04712855e+03  1.61442303e+03 -3.13114881e+02 
 1.09647820e+03  1.60879514e+03 -3.26728343e+02 
 1.14815362e+03  1.60266922e+03 -3.40823578e+02 
 1.20226443e+03  1.59600569e+03 -3.55401952e+02 
 1.25892541e+03  1.58876269e+03 -3.70462291e+02 
 1.31825674e+03  1.58089609e+03 -3.86000501e+02 
 1.38038426e+03  1.57235961e+03 -4.02009157e+02 
 1.44543977e+03  1.56310491e+03 -4.18477074e+02 
 1.51356125e+03  1.55308177e+03 -4.35388839e+02 
 1.58489319e+03  1.54223836e+03 -4.52724337e+02 
 1.65958691e+03  1.53052154e+03 -4.70458259e+02 
 1.73780083e+03  1.51787727e+03 -4.88559604e+02 
 1.81970086e+03  1.50425113e+03 -5.06991193e+02 
 1.90546072e+03  1.48958887e+03 -5.25709203e+02 
 1.99526231e+03  1.47383715e+03 -5.44662735e+02 
 2.08929613e+03  1.45694431e+03 -5.63793448e+02 
 2.18776162e+03  1.43886135e+03 -5.83035260e+02 
 2.29086765e+03  1.41954288e+03 -6.02314163e+02 
 2.39883292e+03  1.39894831e+03 -6.21548164e+02 
 2.51188643e+03  1.37704303e+03 -6.40647380e+02 
 2.63026799e+03  1.35379971e+03 -6.59514319e+02 
 2.75422870e+03  1.32919959e+03 -6.78044369e+02 
 2.88403150e+03  1.30323383e+03 -6.96126516e+02 
 3.01995172e+03  1.27590476e+03 -7.13644311e+02 
 3.16227766e+03  1.24722713e+03 -7.30477087e+02 
 3.31131121e+03  1.21722914e+03 -7.46501436e+02 
 3.46736850e+03  1.18595334e+03 -7.61592928e+02 
 3.63078055e+03  1.15345724e+03 -7.75628040e+02 
 3.80189396e+03  1.11981364e+03 -7.88486275e+02 
 3.98107171e+03  1.08511061e+03 -8.00052395e+02 
 4.16869383e+03  1.04945109e+03 -8.10218721e+02 
 4.36515832e+03  1.01295206e+03 -8.18887415e+02 
 4.57088190e+03  9.75743341e+02 -8.25972665e+02 
 4.78630092e+03  9.37965954e+02 -8.31402684e+02 
 5.01187234e+03  8.99770130e+02 -8.35121445e+02 
 5.24807460e+03  8.61313021e+02 -8.37090064e+02 
 5.49540874e+03  8.22756153e+02 -8.37287791e+02 
 5.75439937e+03  7.84262735e+02 -8.35712535e+02 
 6.02559586e+03  7.45994906e+02 -8.32380920e+02 
 6.30957344e+03  7.08111018e+02 -8.27327858e+02 
 6.60693448e+03  6.70763053e+02 -8.20605666e+02 
 6.91830971e+03  6.34094269e+02 -8.12282758e+02 
 7.24435960e+03  5.98237130e+02 -8.02441988e+02 
 7.58577575e+03  5.63311603e+02 -7.91178697e+02 
 7.94328235e+03  5.29423839e+02 -7.78598569e+02 
 8.31763771e+03  4.96665271e+02 -7.64815356e+02 
 8.70963590e+03  4.65112116e+02 -7.49948582e+02 
 9.12010839e+03  4.34825274e+02 -7.34121284e+02 
 9.54992586e+03  4.05850579e+02 -7.17457865e+02 
 1.00000000e+04  3.78219361e+02 -7.00082116e+02 
 1.04712855e+04  3.51949275e+02 -6.82115452e+02 
 1.09647820e+04  3.27045328e+02 -6.63675375e+02 
 1.14815362e+04  3.03501055e+02 -6.44874205e+02 
 1.20226443e+04  2.81299795e+02 -6.25818048e+02 
 1.25892541e+04  2.60416005e+02 -6.06606034e+02 
 1.31825674e+04  2.40816586e+02 -5.87329772e+02 
 1.38038426e+04  2.22462168e+02 -5.68073028e+02 
 1.44543977e+04  2.05308343e+02 -5.48911587e+02 
 1.51356125e+04  1.89306812e+02 -5.29913285e+02 
 1.58489319e+04  1.74406430e+02 -5.11138165e+02 
 1.65958691e+04  1.60554155e+02 -4.92638755e+02 
 1.73780083e+04  1.47695879e+02 -4.74460419e+02 
 1.81970086e+04  1.35777156e+02 -4.56641777e+02 
 1.90546072e+04  1.24743816e+02 -4.39215163e+02 
 1.99526231e+04  1.14542486e+02 -4.22207113e+02 
 2.08929613e+04  1.05121009e+02 -4.05638856e+02 
 2.18776162e+04  9.64287905e+01 -3.89526808e+02 
 2.29086765e+04  8.84170516e+01 -3.73883059e+02 
 2.39883292e+04  8.10390311e+01 -3.58715830e+02 
 2.51188643e+04  7.42501194e+01 -3.44029922e+02 
 2.63026799e+04  6.80079457e+01 -3.29827126e+02 
 2.75422870e+04  6.22724223e+01 -3.16106611e+02 
 2.88403150e+04  5.70057536e+01 -3.02865278e+02 
 3.01995172e+04  5.21724164e+01 -2.90098085e+02 
 3.16227766e+04  4.77391171e+01 -2.77798346e+02 
 3.31131121e+04  4.36747304e+01 -2.65957991e+02 
 3.46736850e+04  3.99502251e+01 -2.54567811e+02 
 3.63078055e+04  3.65385782e+01 -2.43617669e+02 
 3.80189396e+04  3.34146835e+01 -2.33096684e+02 
 3.98107171e+04  3.05552546e+01 -2.22993404e+02 
 4.16869383e+04  2.79387262e+01 -2.13295949e+02 
 4.36515832e+04  2.55451544e+01 -2.03992136e+02 
 4.57088190e+04  2.33561178e+01 -1.95069592e+02 
 4.78630092e+04  2.13546211e+01 -1.86515848e+02 
 5.01187234e+04  1.95250008e+01 -1.78318420e+02 
 5.24807460e+04  1.78528339e+01 -1.70464879e+02 
 5.49540874e+04  1.63248519e+01 -1.62942907e+02 
 5.75439937e+04  1.49288571e+01 -1.55740349e+02 
 6.02559586e+04  1.36536444e+01 -1.48845252e+02 
 6.30957344e+04  1.24889275e+01 -1.42245897e+02 
 6.60693448e+04  1.14252682e+01 -1.35930827e+02 
 6.91830971e+04  1.04540122e+01 -1.29888869e+02 
 7.24435960e+04  9.56722678e+00 -1.24109145e+02 
 7.58577575e+04  8.75764468e+00 -1.18581093e+02 
 7.94328235e+04  8.01861043e+00 -1.13294465e+02 
 8.31763771e+04  7.34403133e+00 -1.08239339e+02 
 8.70963590e+04  6.72833161e+00 -1.03406121e+02 
 9.12010839e+04  6.16641019e+00 -9.87855420e+01 
 9.54992586e+04  5.65360150e+00 -9.43686602e+01 
 1.00000000e+05  5.18563944e+00 -9.01468557e+01 
 1.04712855e+05  4.75862402e+00 -8.61118265e+01 
 1.09647820e+05  4.36899069e+00 -8.22555836e+01 
 1.14815362e+05  4.01348217e+00 -7.85704441e+01 
 1.20226443e+05  3.68912238e+00 -7.50490247e+01 
 1.25892541e+05  3.39319271e+00 -7.16842335e+01 
 1.31825674e+05  3.12320999e+00 -6.84692626e+01 
 1.38038426e+05  2.87690650e+00 -6.53975796e+01 
 1.44543977e+05  2.65221146e+00 -6.24629193e+01 
 1.51356125e+05  2.44723414e+00 -5.96592749e+01 
 1.58489319e+05  2.26024842e+00 -5.69808895e+01 
 1.65958691e+05  2.08967854e+00 -5.44222475e+01 
 1.73780083e+05  1.93408618e+00 -5.19780660e+01 
 1.81970086e+05  1.79215853e+00 -4.96432863e+01 
 1.90546072e+05  1.66269742e+00 -4.74130656e+01 
 1.99526231e+05  1.54460942e+00 -4.52827687e+01 
 2.08929613e+05  1.43689670e+00 -4.32479603e+01 
 2.18776162e+05  1.33864871e+00 -4.13043967e+01 
 2.29086765e+05  1.24903463e+00 -3.94480184e+01 
 2.39883292e+05  1.16729638e+00 -3.76749429e+01 
 2.51188643e+05  1.09274229e+00 -3.59814571e+01 
 2.63026799e+05  1.02474132e+00 -3.43640108e+01 
 2.75422870e+05  9.62717727e-01 -3.28192093e+01 
 2.88403150e+05  9.06146275e-01 -3.13438077e+01 
 3.01995172e+05  8.54547783e-01 -2.99347041e+01 
 3.16227766e+05  8.07485113e-01 -2.85889336e+01 
 3.31131121e+05  7.64559480e-01 -2.73036626e+01 
 3.46736850e+05  7.25407098e-01 -2.60761831e+01 
 3.63078055e+05  6.89696109e-01 -2.49039073e+01 
 3.80189396e+05  6.57123783e-01 -2.37843626e+01 
 3.98107171e+05  6.27413964e-01 -2.27151862e+01 
 4.16869383e+05  6.00314738e-01 -2.16941208e+01 
 4.36515832e+05  5.75596299e-01 -2.07190097e+01 
 4.57088190e+05  5.53049016e-01 -1.97877925e+01 
 4.78630092e+05  5.32481652e-01 -1.88985010e+01 
 5.01187234e+05  5.13719750e-01 -1.80492549e+01 
 5.24807460e+05  4.96604157e-01 -1.72382581e+01 
 5.49540874e+05  4.80989674e-01 -1.64637948e+01 
 5.75439937e+05  4.66743831e-01 -1.57242264e+01 
 6.02559586e+05  4.53745761e-01 -1.50179876e+01 
 6.30957344e+05  4.41885181e-01 -1.43435833e+01 
 6.60693448e+05  4.31061452e-01 -1.36995858e+01 
 6.91830971e+05  4.21182732e-01 -1.30846312e+01 
 7.24435960e+05  4.12165191e-01 -1.24974171e+01 
 7.58577575e+05  4.03932309e-01 -1.19366998e+01 
 7.94328235e+05  3.96414220e-01 -1.14012912e+01 
 8.31763771e+05  3.89547124e-01 -1.08900571e+01 
 8.70963590e+05  3.83272742e-01 -1.04019142e+01 
 9.12010839e+05  3.77537828e-01 -9.93582787e+00 
 9.54992586e+05  3.72293712e-01 -9.49081046e+00 
 1.00000000e+06  3.67495890e-01 -9.06591866e+00 
 1.04712855e+06  3.63103645e-01 -8.66025182e+00 
 1.09647820e+06  3.59079704e-01 -8.27294994e+00 
 1.14815362e+06  3.55389921e-01 -7.90319191e+00 
 1.20226443e+06  3.52002985e-01 -7.55019374e+00 
 1.25892541e+06  3.48890161e-01 -7.21320692e+00 
 1.31825674e+06  3.46025038e-01 -6.89151685e+00 
 1.38038426e+06  3.43383315e-01 -6.58444127e+00 
 1.44543977e+06  3.40942584e-01 -6.29132890e+00 
 1.51356125e+06  3.38682154e-01 -6.01155800e+00 
 1.58489319e+06  3.36582862e-01 -5.74453505e+00 
 1.65958691e+06  3.34626923e-01 -5.48969352e+00 
 1.73780083e+06  3.32797774e-01 -5.24649266e+00 
 1.81970086e+06  3.31079935e-01 -5.01441633e+00 
 1.90546072e+06  3.29458881e-01 -4.79297191e+00 
 1.99526231e+06  3.27920922e-01 -4.58168927e+00 
 2.08929613e+06  3.26453083e-01 -4.38011972e+00 
 2.18776162e+06  3.25043005e-01 -4.18783509e+00 
 2.29086765e+06  3.23678836e-01 -4.00442678e+00 
 2.39883292e+06  3.22349139e-01 -3.82950492e+00 
 2.51188643e+06  3.21042796e-01 -3.66269748e+00 
 2.63026799e+06  3.19748924e-01 -3.50364949e+00 
 2.75422870e+06  3.18456784e-01 -3.35202228e+00 
 2.88403150e+06  3.17155702e-01 -3.20749269e+00 
 3.01995172e+06  3.15834985e-01 -3.06975242e+00 
 3.16227766e+06  3.14483842e-01 -2.93850729e+00 
 3.31131121e+06  3.13091308e-01 -2.81347662e+00 
 3.46736850e+06  3.11646165e-01 -2.69439259e+00 
 3.63078055e+06  3.10136865e-01 -2.58099959e+00 
 3.80189396e+06  3.08551457e-01 -2.47305368e+00 
 3.98107171e+06  3.06877510e-01 -2.37032199e+00 
 4.16869383e+06  3.05102040e-01 -2.27258217e+00 
 4.36515832e+06  3.03211437e-01 -2.17962182e+00 
 4.57088190e+06  3.01191394e-01 -2.09123800e+00 
 4.78630092e+06  2.99026836e-01 -2.00723670e+00 
 5.01187234e+06  2.96701853e-01 -1.92743231e+00 
 5.24807460e+06  2.94199640e-01 -1.85164715e+00 
 5.49540874e+06  2.91502432e-01 -1.77971092e+00 
 5.75439937e+06  2.88591456e-01 -1.71146026e+00 
 6.02559586e+06  2.85446882e-01 -1.64673824e+00 
 6.30957344e+06  2.82047789e-01 -1.58539386e+00 
 6.60693448e+06  2.78372138e-01 -1.52728155e+00 
 6.91830971e+06  2.74396763e-01 -1.47226069e+00 
 7.24435960e+06  2.70097378e-01 -1.42019512e+00 
 7.58577575e+06  2.65448600e-01 -1.37095261e+00 
 7.94328235e+06  2.60423999e-01 -1.32440438e+00 
 8.31763771e+06  2.54996177e-01 -1.28042458e+00 
 8.70963590e+06  2.49136873e-01 -1.23888977e+00 
 9.12010839e+06  2.42817106e-01 -1.19967843e+00 
 9.54992586e+06  2.36007356e-01 -1.16267043e+00 
 1.00000000e+07  2.28677790e-01 -1.12774653e+00 
 1.04712855e+07  2.20798535e-01 -1.09478787e+00 
 1.09647820e+07  2.12340003e-01 -1.06367550e+00 
 1.14815362e+07  2.03273269e-01 -1.03428989e+00 
 1.20226443e+07  1.93570516e-01 -1.00651050e+00 
 1.25892541e+07  1.83205535e-01 -9.80215345e-01 
 1.31825674e+07  1.72154294e-01 -9.55280618e-01 
 1.38038426e+07  1.60395574e-01 -9.31580366e-01 
 1.44543977e+07  1.47911680e-01 -9.08986197e-01 
 1.51356125e+07  1.34689223e-01 -8.87367070e-01 
 1.58489319e+07  1.20719970e-01 -8.66589159e-01 
 1.65958691e+07  1.06001787e-01 -8.46515798e-01 
 1.73780083e+07  9.05396440e-02 -8.27007548e-01 
 1.81970086e+07  7.43467125e-02 -8.07922368e-01 
 1.90546072e+07  5.74455389e-02 -7.89115956e-01 
 1.99526231e+07  3.98692978e-02 -7.70442246e-01 
 2.08929613e+07  2.16631201e-02 -7.51754128e-01 
 2.18776162e+07  2.88548297e-03 -7.32904416e-01 
 2.29086765e+07 -1.63903590e-02 -7.13747121e-01 
 2.39883292e+07 -3.60749373e-02 -6.94139093e-01 
 2.51188643e+07 -5.60611856e-02 -6.73942081e-01 
 2.63026799e+07 -7.62231915e-02 -6.53025302e-01 
 2.75422870e+07 -9.64152051e-02 -6.31268564e-01 
 2.88403150e+07 -1.16471065e-01 -6.08565996e-01 
 3.01995172e+07 -1.36204252e-01 -5.84830396e-01 
 3.16227766e+07 -1.55408817e-01 -5.59998147e-01 
 3.31131121e+07 -1.73861471e-01 -5.34034563e-01 
 3.46736850e+07 -1.91325130e-01 -5.06939434e-01 
 3.63078055e+07 -2.07554165e-01 -4.78752363e-01 
 3.80189396e+07 -2.22301518e-01 -4.49557393e-01 
 3.98107171e+07 -2.35327688e-01 -4.19486240e-01 
 4.16869383e+07 -2.46411322e-01 -3.88719426e-01 
 4.36515832e+07 -2.55360868e-01 -3.57484583e-01 
 4.57088190e+07 -2.62026428e-01 -3.26051401e-01 
 4.78630092e+07 -2.66310652e-01 -2.94722954e-01 
 5.01187234e+07 -2.68177418e-01 -2.63823624e-01 
 5.24807460e+07 -2.67657065e-01 -2.33684335e-01 
 5.49540874e+07 -2.64847248e-01 -2.04626308e-01 
 5.75439937e+07 -2.59908996e-01 -1.76944880e-01 
 6.02559586e+07 -2.53058179e-01 -1.50895052e-01 
 6.30957344e+07 -2.44553227e-01 -1.26680224e-01 
 6.60693448e+07 -2.34680436e-01 -1.04445135e-01 
 6.91830971e+07 -2.23738456e-01 -8.42734424e-02 
 7.24435960e+07 -2.12023504e-01 -6.61897099e-02 
 7.58577575e+07 -1.99816596e-01 -5.01650891e-02 
 7.94328235e+07 -1.87373636e-01 -3.61256134e-02 
 8.31763771e+07 -1.74918716e-01 -2.39619333e-02 
 8.70963590e+07 -1.62640568e-01 -1.35393900e-02 
 9.12010839e+07 -1.50691765e-01 -4.70754603e-03 
 9.54992586e+07 -1.39190095e-01  2.69143987e-03 
 1.00000000e+08 -1.28221469e-01  8.81592581e-03 
