 0.00000000e+00  8.50335512e-01  0.00000000e+00  8.50000000e-01 
 1.00000000e-09  8.50335512e-01  1.00000000e-09  8.50000000e-01 
 2.00000000e-09  8.50335512e-01  2.00000000e-09  8.50000000e-01 
 4.00000000e-09  8.50335512e-01  4.00000000e-09  8.50000000e-01 
 8.00000000e-09  8.50335512e-01  8.00000000e-09  8.50000000e-01 
 1.60000000e-08  8.50335512e-01  1.60000000e-08  8.50000000e-01 
 3.20000000e-08  8.50335512e-01  3.20000000e-08  8.50000000e-01 
 6.40000000e-08  8.50335512e-01  6.40000000e-08  8.50000000e-01 
 1.28000000e-07  8.50335512e-01  1.28000000e-07  8.50000000e-01 
 2.28000000e-07  8.50335512e-01  2.28000000e-07  8.50000000e-01 
 3.28000000e-07  8.50335512e-01  3.28000000e-07  8.50000000e-01 
 4.28000000e-07  8.50335512e-01  4.28000000e-07  8.50000000e-01 
 5.28000000e-07  8.50335512e-01  5.28000000e-07  8.50000000e-01 
 6.28000000e-07  8.50335512e-01  6.28000000e-07  8.50000000e-01 
 7.28000000e-07  8.50335512e-01  7.28000000e-07  8.50000000e-01 
 8.28000000e-07  8.50335512e-01  8.28000000e-07  8.50000000e-01 
 9.28000000e-07  8.50335512e-01  9.28000000e-07  8.50000000e-01 
 1.02800000e-06  8.50335512e-01  1.02800000e-06  8.50000000e-01 
 1.12800000e-06  8.50335512e-01  1.12800000e-06  8.50000000e-01 
 1.22800000e-06  8.50335512e-01  1.22800000e-06  8.50000000e-01 
 1.32800000e-06  8.50335512e-01  1.32800000e-06  8.50000000e-01 
 1.42800000e-06  8.50335512e-01  1.42800000e-06  8.50000000e-01 
 1.52800000e-06  8.50335512e-01  1.52800000e-06  8.50000000e-01 
 1.62800000e-06  8.50335512e-01  1.62800000e-06  8.50000000e-01 
 1.72800000e-06  8.50335512e-01  1.72800000e-06  8.50000000e-01 
 1.82800000e-06  8.50335512e-01  1.82800000e-06  8.50000000e-01 
 1.92800000e-06  8.50335512e-01  1.92800000e-06  8.50000000e-01 
 2.02800000e-06  8.50335512e-01  2.02800000e-06  8.50000000e-01 
 2.12800000e-06  8.50335512e-01  2.12800000e-06  8.50000000e-01 
 2.22800000e-06  8.50335512e-01  2.22800000e-06  8.50000000e-01 
 2.32800000e-06  8.50335512e-01  2.32800000e-06  8.50000000e-01 
 2.42800000e-06  8.50335512e-01  2.42800000e-06  8.50000000e-01 
 2.52800000e-06  8.50335512e-01  2.52800000e-06  8.50000000e-01 
 2.62800000e-06  8.50335512e-01  2.62800000e-06  8.50000000e-01 
 2.72800000e-06  8.50335512e-01  2.72800000e-06  8.50000000e-01 
 2.82800000e-06  8.50335512e-01  2.82800000e-06  8.50000000e-01 
 2.92800000e-06  8.50335512e-01  2.92800000e-06  8.50000000e-01 
 3.02800000e-06  8.50335512e-01  3.02800000e-06  8.50000000e-01 
 3.12800000e-06  8.50335512e-01  3.12800000e-06  8.50000000e-01 
 3.22800000e-06  8.50335512e-01  3.22800000e-06  8.50000000e-01 
 3.32800000e-06  8.50335512e-01  3.32800000e-06  8.50000000e-01 
 3.42800000e-06  8.50335512e-01  3.42800000e-06  8.50000000e-01 
 3.52800000e-06  8.50335512e-01  3.52800000e-06  8.50000000e-01 
 3.62800000e-06  8.50335512e-01  3.62800000e-06  8.50000000e-01 
 3.72800000e-06  8.50335512e-01  3.72800000e-06  8.50000000e-01 
 3.82800000e-06  8.50335512e-01  3.82800000e-06  8.50000000e-01 
 3.92800000e-06  8.50335512e-01  3.92800000e-06  8.50000000e-01 
 4.02800000e-06  8.50335512e-01  4.02800000e-06  8.50000000e-01 
 4.12800000e-06  8.50335512e-01  4.12800000e-06  8.50000000e-01 
 4.22800000e-06  8.50335512e-01  4.22800000e-06  8.50000000e-01 
 4.32800000e-06  8.50335512e-01  4.32800000e-06  8.50000000e-01 
 4.42800000e-06  8.50335512e-01  4.42800000e-06  8.50000000e-01 
 4.52800000e-06  8.50335512e-01  4.52800000e-06  8.50000000e-01 
 4.62800000e-06  8.50335512e-01  4.62800000e-06  8.50000000e-01 
 4.72800000e-06  8.50335512e-01  4.72800000e-06  8.50000000e-01 
 4.82800000e-06  8.50335512e-01  4.82800000e-06  8.50000000e-01 
 4.91400000e-06  8.50335512e-01  4.91400000e-06  8.50000000e-01 
 5.00000000e-06  8.50335512e-01  5.00000000e-06  8.50000000e-01 
 5.00010000e-06  8.50352399e-01  5.00010000e-06  8.60000000e-01 
 5.00030000e-06  8.50312182e-01  5.00030000e-06  8.80000000e-01 
 5.00065000e-06  8.50109787e-01  5.00065000e-06  9.15000000e-01 
 5.00100000e-06  8.49985557e-01  5.00100000e-06  9.50000000e-01 
 5.00107000e-06  8.49965557e-01  5.00107000e-06  9.50000000e-01 
 5.00121000e-06  8.50005349e-01  5.00121000e-06  9.50000000e-01 
 5.00149000e-06  8.50425250e-01  5.00149000e-06  9.50000000e-01 
 5.00205000e-06  8.52349936e-01  5.00205000e-06  9.50000000e-01 
 5.00317000e-06  8.58612780e-01  5.00317000e-06  9.50000000e-01 
 5.00541000e-06  8.73043957e-01  5.00541000e-06  9.50000000e-01 
 5.00989000e-06  8.95518428e-01  5.00989000e-06  9.50000000e-01 
 5.01706425e-06  9.16170850e-01  5.01706425e-06  9.50000000e-01 
 5.02881711e-06  9.32537836e-01  5.02881711e-06  9.50000000e-01 
 5.04686201e-06  9.42637184e-01  5.04686201e-06  9.50000000e-01 
 5.06788156e-06  9.47085390e-01  5.06788156e-06  9.50000000e-01 
 5.09323924e-06  9.49635934e-01  5.09323924e-06  9.50000000e-01 
 5.12316486e-06  9.50696135e-01  5.12316486e-06  9.50000000e-01 
 5.16632785e-06  9.50761716e-01  5.16632785e-06  9.50000000e-01 
 5.22777320e-06  9.50482942e-01  5.22777320e-06  9.50000000e-01 
 5.32777320e-06  9.50303622e-01  5.32777320e-06  9.50000000e-01 
 5.42777320e-06  9.50284471e-01  5.42777320e-06  9.50000000e-01 
 5.52777320e-06  9.50293720e-01  5.52777320e-06  9.50000000e-01 
 5.62777320e-06  9.50299004e-01  5.62777320e-06  9.50000000e-01 
 5.72777320e-06  9.50300119e-01  5.72777320e-06  9.50000000e-01 
 5.82777320e-06  9.50300042e-01  5.82777320e-06  9.50000000e-01 
 5.92777320e-06  9.50299908e-01  5.92777320e-06  9.50000000e-01 
 6.02777320e-06  9.50299865e-01  6.02777320e-06  9.50000000e-01 
 6.12777320e-06  9.50299862e-01  6.12777320e-06  9.50000000e-01 
 6.22777320e-06  9.50299865e-01  6.22777320e-06  9.50000000e-01 
 6.32777320e-06  9.50299866e-01  6.32777320e-06  9.50000000e-01 
 6.42777320e-06  9.50299866e-01  6.42777320e-06  9.50000000e-01 
 6.52777320e-06  9.50299866e-01  6.52777320e-06  9.50000000e-01 
 6.62777320e-06  9.50299866e-01  6.62777320e-06  9.50000000e-01 
 6.72777320e-06  9.50299866e-01  6.72777320e-06  9.50000000e-01 
 6.82777320e-06  9.50299866e-01  6.82777320e-06  9.50000000e-01 
 6.92777320e-06  9.50299866e-01  6.92777320e-06  9.50000000e-01 
 7.02777320e-06  9.50299866e-01  7.02777320e-06  9.50000000e-01 
 7.12777320e-06  9.50299866e-01  7.12777320e-06  9.50000000e-01 
 7.22777320e-06  9.50299866e-01  7.22777320e-06  9.50000000e-01 
 7.32777320e-06  9.50299866e-01  7.32777320e-06  9.50000000e-01 
 7.42777320e-06  9.50299866e-01  7.42777320e-06  9.50000000e-01 
 7.52777320e-06  9.50299866e-01  7.52777320e-06  9.50000000e-01 
 7.62777320e-06  9.50299866e-01  7.62777320e-06  9.50000000e-01 
 7.72777320e-06  9.50299866e-01  7.72777320e-06  9.50000000e-01 
 7.82777320e-06  9.50299866e-01  7.82777320e-06  9.50000000e-01 
 7.92777320e-06  9.50299866e-01  7.92777320e-06  9.50000000e-01 
 8.02777320e-06  9.50299866e-01  8.02777320e-06  9.50000000e-01 
 8.12777320e-06  9.50299866e-01  8.12777320e-06  9.50000000e-01 
 8.22777320e-06  9.50299866e-01  8.22777320e-06  9.50000000e-01 
 8.32777320e-06  9.50299866e-01  8.32777320e-06  9.50000000e-01 
 8.42777320e-06  9.50299866e-01  8.42777320e-06  9.50000000e-01 
 8.52777320e-06  9.50299866e-01  8.52777320e-06  9.50000000e-01 
 8.62777320e-06  9.50299866e-01  8.62777320e-06  9.50000000e-01 
 8.72777320e-06  9.50299866e-01  8.72777320e-06  9.50000000e-01 
 8.82777320e-06  9.50299866e-01  8.82777320e-06  9.50000000e-01 
 8.92777320e-06  9.50299866e-01  8.92777320e-06  9.50000000e-01 
 9.02777320e-06  9.50299866e-01  9.02777320e-06  9.50000000e-01 
 9.12777320e-06  9.50299866e-01  9.12777320e-06  9.50000000e-01 
 9.22777320e-06  9.50299866e-01  9.22777320e-06  9.50000000e-01 
 9.32777320e-06  9.50299866e-01  9.32777320e-06  9.50000000e-01 
 9.42777320e-06  9.50299866e-01  9.42777320e-06  9.50000000e-01 
 9.52777320e-06  9.50299866e-01  9.52777320e-06  9.50000000e-01 
 9.62777320e-06  9.50299866e-01  9.62777320e-06  9.50000000e-01 
 9.72777320e-06  9.50299866e-01  9.72777320e-06  9.50000000e-01 
 9.82777320e-06  9.50299866e-01  9.82777320e-06  9.50000000e-01 
 9.92777320e-06  9.50299866e-01  9.92777320e-06  9.50000000e-01 
 1.00277732e-05  9.50299866e-01  1.00277732e-05  9.50000000e-01 
 1.01277732e-05  9.50299866e-01  1.01277732e-05  9.50000000e-01 
 1.02277732e-05  9.50299866e-01  1.02277732e-05  9.50000000e-01 
 1.03277732e-05  9.50299866e-01  1.03277732e-05  9.50000000e-01 
 1.04277732e-05  9.50299866e-01  1.04277732e-05  9.50000000e-01 
 1.05277732e-05  9.50299866e-01  1.05277732e-05  9.50000000e-01 
 1.06277732e-05  9.50299866e-01  1.06277732e-05  9.50000000e-01 
 1.07277732e-05  9.50299866e-01  1.07277732e-05  9.50000000e-01 
 1.08277732e-05  9.50299866e-01  1.08277732e-05  9.50000000e-01 
 1.09277732e-05  9.50299866e-01  1.09277732e-05  9.50000000e-01 
 1.10277732e-05  9.50299866e-01  1.10277732e-05  9.50000000e-01 
 1.11277732e-05  9.50299866e-01  1.11277732e-05  9.50000000e-01 
 1.12277732e-05  9.50299866e-01  1.12277732e-05  9.50000000e-01 
 1.13277732e-05  9.50299866e-01  1.13277732e-05  9.50000000e-01 
 1.14277732e-05  9.50299866e-01  1.14277732e-05  9.50000000e-01 
 1.15277732e-05  9.50299866e-01  1.15277732e-05  9.50000000e-01 
 1.16277732e-05  9.50299866e-01  1.16277732e-05  9.50000000e-01 
 1.17277732e-05  9.50299866e-01  1.17277732e-05  9.50000000e-01 
 1.18277732e-05  9.50299866e-01  1.18277732e-05  9.50000000e-01 
 1.19277732e-05  9.50299866e-01  1.19277732e-05  9.50000000e-01 
 1.20277732e-05  9.50299866e-01  1.20277732e-05  9.50000000e-01 
 1.21277732e-05  9.50299866e-01  1.21277732e-05  9.50000000e-01 
 1.22277732e-05  9.50299866e-01  1.22277732e-05  9.50000000e-01 
 1.23277732e-05  9.50299866e-01  1.23277732e-05  9.50000000e-01 
 1.24277732e-05  9.50299866e-01  1.24277732e-05  9.50000000e-01 
 1.25277732e-05  9.50299866e-01  1.25277732e-05  9.50000000e-01 
 1.26277732e-05  9.50299866e-01  1.26277732e-05  9.50000000e-01 
 1.27277732e-05  9.50299866e-01  1.27277732e-05  9.50000000e-01 
 1.28277732e-05  9.50299866e-01  1.28277732e-05  9.50000000e-01 
 1.29277732e-05  9.50299866e-01  1.29277732e-05  9.50000000e-01 
 1.30277732e-05  9.50299866e-01  1.30277732e-05  9.50000000e-01 
 1.31277732e-05  9.50299866e-01  1.31277732e-05  9.50000000e-01 
 1.32277732e-05  9.50299866e-01  1.32277732e-05  9.50000000e-01 
 1.33277732e-05  9.50299866e-01  1.33277732e-05  9.50000000e-01 
 1.34277732e-05  9.50299866e-01  1.34277732e-05  9.50000000e-01 
 1.35277732e-05  9.50299866e-01  1.35277732e-05  9.50000000e-01 
 1.36277732e-05  9.50299866e-01  1.36277732e-05  9.50000000e-01 
 1.37277732e-05  9.50299866e-01  1.37277732e-05  9.50000000e-01 
 1.38277732e-05  9.50299866e-01  1.38277732e-05  9.50000000e-01 
 1.39277732e-05  9.50299866e-01  1.39277732e-05  9.50000000e-01 
 1.40277732e-05  9.50299866e-01  1.40277732e-05  9.50000000e-01 
 1.41277732e-05  9.50299866e-01  1.41277732e-05  9.50000000e-01 
 1.42277732e-05  9.50299866e-01  1.42277732e-05  9.50000000e-01 
 1.43277732e-05  9.50299866e-01  1.43277732e-05  9.50000000e-01 
 1.44277732e-05  9.50299866e-01  1.44277732e-05  9.50000000e-01 
 1.45277732e-05  9.50299866e-01  1.45277732e-05  9.50000000e-01 
 1.46277732e-05  9.50299866e-01  1.46277732e-05  9.50000000e-01 
 1.47277732e-05  9.50299866e-01  1.47277732e-05  9.50000000e-01 
 1.48277732e-05  9.50299866e-01  1.48277732e-05  9.50000000e-01 
 1.49277732e-05  9.50299866e-01  1.49277732e-05  9.50000000e-01 
 1.50277732e-05  9.50299866e-01  1.50277732e-05  9.50000000e-01 
 1.51277732e-05  9.50299866e-01  1.51277732e-05  9.50000000e-01 
 1.52277732e-05  9.50299866e-01  1.52277732e-05  9.50000000e-01 
 1.53277732e-05  9.50299866e-01  1.53277732e-05  9.50000000e-01 
 1.54277732e-05  9.50299866e-01  1.54277732e-05  9.50000000e-01 
 1.55277732e-05  9.50299866e-01  1.55277732e-05  9.50000000e-01 
 1.56277732e-05  9.50299866e-01  1.56277732e-05  9.50000000e-01 
 1.57277732e-05  9.50299866e-01  1.57277732e-05  9.50000000e-01 
 1.58277732e-05  9.50299866e-01  1.58277732e-05  9.50000000e-01 
 1.59277732e-05  9.50299866e-01  1.59277732e-05  9.50000000e-01 
 1.60277732e-05  9.50299866e-01  1.60277732e-05  9.50000000e-01 
 1.61277732e-05  9.50299866e-01  1.61277732e-05  9.50000000e-01 
 1.62277732e-05  9.50299866e-01  1.62277732e-05  9.50000000e-01 
 1.63277732e-05  9.50299866e-01  1.63277732e-05  9.50000000e-01 
 1.64277732e-05  9.50299866e-01  1.64277732e-05  9.50000000e-01 
 1.65277732e-05  9.50299866e-01  1.65277732e-05  9.50000000e-01 
 1.66277732e-05  9.50299866e-01  1.66277732e-05  9.50000000e-01 
 1.67277732e-05  9.50299866e-01  1.67277732e-05  9.50000000e-01 
 1.68277732e-05  9.50299866e-01  1.68277732e-05  9.50000000e-01 
 1.69277732e-05  9.50299866e-01  1.69277732e-05  9.50000000e-01 
 1.70277732e-05  9.50299866e-01  1.70277732e-05  9.50000000e-01 
 1.71277732e-05  9.50299866e-01  1.71277732e-05  9.50000000e-01 
 1.72277732e-05  9.50299866e-01  1.72277732e-05  9.50000000e-01 
 1.73277732e-05  9.50299866e-01  1.73277732e-05  9.50000000e-01 
 1.74277732e-05  9.50299866e-01  1.74277732e-05  9.50000000e-01 
 1.75277732e-05  9.50299866e-01  1.75277732e-05  9.50000000e-01 
 1.76277732e-05  9.50299866e-01  1.76277732e-05  9.50000000e-01 
 1.77277732e-05  9.50299866e-01  1.77277732e-05  9.50000000e-01 
 1.78277732e-05  9.50299866e-01  1.78277732e-05  9.50000000e-01 
 1.79277732e-05  9.50299866e-01  1.79277732e-05  9.50000000e-01 
 1.80277732e-05  9.50299866e-01  1.80277732e-05  9.50000000e-01 
 1.81277732e-05  9.50299866e-01  1.81277732e-05  9.50000000e-01 
 1.82277732e-05  9.50299866e-01  1.82277732e-05  9.50000000e-01 
 1.83277732e-05  9.50299866e-01  1.83277732e-05  9.50000000e-01 
 1.84277732e-05  9.50299866e-01  1.84277732e-05  9.50000000e-01 
 1.85277732e-05  9.50299866e-01  1.85277732e-05  9.50000000e-01 
 1.86277732e-05  9.50299866e-01  1.86277732e-05  9.50000000e-01 
 1.87277732e-05  9.50299866e-01  1.87277732e-05  9.50000000e-01 
 1.88277732e-05  9.50299866e-01  1.88277732e-05  9.50000000e-01 
 1.89277732e-05  9.50299866e-01  1.89277732e-05  9.50000000e-01 
 1.90277732e-05  9.50299866e-01  1.90277732e-05  9.50000000e-01 
 1.91277732e-05  9.50299866e-01  1.91277732e-05  9.50000000e-01 
 1.92277732e-05  9.50299866e-01  1.92277732e-05  9.50000000e-01 
 1.93277732e-05  9.50299866e-01  1.93277732e-05  9.50000000e-01 
 1.94277732e-05  9.50299866e-01  1.94277732e-05  9.50000000e-01 
 1.95277732e-05  9.50299866e-01  1.95277732e-05  9.50000000e-01 
 1.96277732e-05  9.50299866e-01  1.96277732e-05  9.50000000e-01 
 1.97277732e-05  9.50299866e-01  1.97277732e-05  9.50000000e-01 
 1.98277732e-05  9.50299866e-01  1.98277732e-05  9.50000000e-01 
 1.99277732e-05  9.50299866e-01  1.99277732e-05  9.50000000e-01 
 2.00277732e-05  9.50299866e-01  2.00277732e-05  9.50000000e-01 
 2.01277732e-05  9.50299866e-01  2.01277732e-05  9.50000000e-01 
 2.02277732e-05  9.50299866e-01  2.02277732e-05  9.50000000e-01 
 2.03277732e-05  9.50299866e-01  2.03277732e-05  9.50000000e-01 
 2.04277732e-05  9.50299866e-01  2.04277732e-05  9.50000000e-01 
 2.05277732e-05  9.50299866e-01  2.05277732e-05  9.50000000e-01 
 2.06277732e-05  9.50299866e-01  2.06277732e-05  9.50000000e-01 
 2.07277732e-05  9.50299866e-01  2.07277732e-05  9.50000000e-01 
 2.08277732e-05  9.50299866e-01  2.08277732e-05  9.50000000e-01 
 2.09277732e-05  9.50299866e-01  2.09277732e-05  9.50000000e-01 
 2.10277732e-05  9.50299866e-01  2.10277732e-05  9.50000000e-01 
 2.11277732e-05  9.50299866e-01  2.11277732e-05  9.50000000e-01 
 2.12277732e-05  9.50299866e-01  2.12277732e-05  9.50000000e-01 
 2.13277732e-05  9.50299866e-01  2.13277732e-05  9.50000000e-01 
 2.14277732e-05  9.50299866e-01  2.14277732e-05  9.50000000e-01 
 2.15277732e-05  9.50299866e-01  2.15277732e-05  9.50000000e-01 
 2.16277732e-05  9.50299866e-01  2.16277732e-05  9.50000000e-01 
 2.17277732e-05  9.50299866e-01  2.17277732e-05  9.50000000e-01 
 2.18277732e-05  9.50299866e-01  2.18277732e-05  9.50000000e-01 
 2.19277732e-05  9.50299866e-01  2.19277732e-05  9.50000000e-01 
 2.20277732e-05  9.50299866e-01  2.20277732e-05  9.50000000e-01 
 2.21277732e-05  9.50299866e-01  2.21277732e-05  9.50000000e-01 
 2.22277732e-05  9.50299866e-01  2.22277732e-05  9.50000000e-01 
 2.23277732e-05  9.50299866e-01  2.23277732e-05  9.50000000e-01 
 2.24277732e-05  9.50299866e-01  2.24277732e-05  9.50000000e-01 
 2.25277732e-05  9.50299866e-01  2.25277732e-05  9.50000000e-01 
 2.26277732e-05  9.50299866e-01  2.26277732e-05  9.50000000e-01 
 2.27277732e-05  9.50299866e-01  2.27277732e-05  9.50000000e-01 
 2.28277732e-05  9.50299866e-01  2.28277732e-05  9.50000000e-01 
 2.29277732e-05  9.50299866e-01  2.29277732e-05  9.50000000e-01 
 2.30277732e-05  9.50299866e-01  2.30277732e-05  9.50000000e-01 
 2.31277732e-05  9.50299866e-01  2.31277732e-05  9.50000000e-01 
 2.32277732e-05  9.50299866e-01  2.32277732e-05  9.50000000e-01 
 2.33277732e-05  9.50299866e-01  2.33277732e-05  9.50000000e-01 
 2.34277732e-05  9.50299866e-01  2.34277732e-05  9.50000000e-01 
 2.35277732e-05  9.50299866e-01  2.35277732e-05  9.50000000e-01 
 2.36277732e-05  9.50299866e-01  2.36277732e-05  9.50000000e-01 
 2.37277732e-05  9.50299866e-01  2.37277732e-05  9.50000000e-01 
 2.38277732e-05  9.50299866e-01  2.38277732e-05  9.50000000e-01 
 2.39277732e-05  9.50299866e-01  2.39277732e-05  9.50000000e-01 
 2.40277732e-05  9.50299866e-01  2.40277732e-05  9.50000000e-01 
 2.41277732e-05  9.50299866e-01  2.41277732e-05  9.50000000e-01 
 2.42277732e-05  9.50299866e-01  2.42277732e-05  9.50000000e-01 
 2.43277732e-05  9.50299866e-01  2.43277732e-05  9.50000000e-01 
 2.44277732e-05  9.50299866e-01  2.44277732e-05  9.50000000e-01 
 2.45277732e-05  9.50299866e-01  2.45277732e-05  9.50000000e-01 
 2.46277732e-05  9.50299866e-01  2.46277732e-05  9.50000000e-01 
 2.47277732e-05  9.50299866e-01  2.47277732e-05  9.50000000e-01 
 2.48277732e-05  9.50299866e-01  2.48277732e-05  9.50000000e-01 
 2.49143866e-05  9.50299866e-01  2.49143866e-05  9.50000000e-01 
 2.50010000e-05  9.50299866e-01  2.50010000e-05  9.50000000e-01 
 2.50011000e-05  9.50281712e-01  2.50011000e-05  9.40000000e-01 
 2.50013000e-05  9.50338364e-01  2.50013000e-05  9.20000000e-01 
 2.50016500e-05  9.50744721e-01  2.50016500e-05  8.85000000e-01 
 2.50020000e-05  9.51495611e-01  2.50020000e-05  8.50000000e-01 
 2.50020700e-05  9.51704514e-01  2.50020700e-05  8.50000000e-01 
 2.50022100e-05  9.52083907e-01  2.50022100e-05  8.50000000e-01 
 2.50024900e-05  9.52654352e-01  2.50024900e-05  8.50000000e-01 
 2.50030500e-05  9.53018948e-01  2.50030500e-05  8.50000000e-01 
 2.50041700e-05  9.51056978e-01  2.50041700e-05  8.50000000e-01 
 2.50064100e-05  9.40631144e-01  2.50064100e-05  8.50000000e-01 
 2.50108900e-05  9.12916178e-01  2.50108900e-05  8.50000000e-01 
 2.50158916e-05  8.87576368e-01  2.50158916e-05  8.50000000e-01 
 2.50209410e-05  8.74962452e-01  2.50209410e-05  8.50000000e-01 
 2.50282052e-05  8.70339938e-01  2.50282052e-05  8.50000000e-01 
 2.50410192e-05  8.65317685e-01  2.50410192e-05  8.50000000e-01 
 2.50541891e-05  8.58928191e-01  2.50541891e-05  8.50000000e-01 
 2.50805289e-05  8.52057397e-01  2.50805289e-05  8.50000000e-01 
 2.51264041e-05  8.49355189e-01  2.51264041e-05  8.50000000e-01 
 2.51761307e-05  8.49480278e-01  2.51761307e-05  8.50000000e-01 
 2.52511985e-05  8.50028244e-01  2.52511985e-05  8.50000000e-01 
 2.53511985e-05  8.50323340e-01  2.53511985e-05  8.50000000e-01 
 2.54511985e-05  8.50360244e-01  2.54511985e-05  8.50000000e-01 
 2.55511985e-05  8.50345908e-01  2.55511985e-05  8.50000000e-01 
 2.56511985e-05  8.50337096e-01  2.56511985e-05  8.50000000e-01 
 2.57511985e-05  8.50335131e-01  2.57511985e-05  8.50000000e-01 
 2.58511985e-05  8.50335220e-01  2.58511985e-05  8.50000000e-01 
 2.59511985e-05  8.50335438e-01  2.59511985e-05  8.50000000e-01 
 2.60511985e-05  8.50335512e-01  2.60511985e-05  8.50000000e-01 
 2.61511985e-05  8.50335519e-01  2.61511985e-05  8.50000000e-01 
 2.62511985e-05  8.50335515e-01  2.62511985e-05  8.50000000e-01 
 2.63511985e-05  8.50335513e-01  2.63511985e-05  8.50000000e-01 
 2.64511985e-05  8.50335512e-01  2.64511985e-05  8.50000000e-01 
 2.65511985e-05  8.50335512e-01  2.65511985e-05  8.50000000e-01 
 2.66511985e-05  8.50335512e-01  2.66511985e-05  8.50000000e-01 
 2.67511985e-05  8.50335512e-01  2.67511985e-05  8.50000000e-01 
 2.68511985e-05  8.50335512e-01  2.68511985e-05  8.50000000e-01 
 2.69511985e-05  8.50335512e-01  2.69511985e-05  8.50000000e-01 
 2.70511985e-05  8.50335512e-01  2.70511985e-05  8.50000000e-01 
 2.71511985e-05  8.50335512e-01  2.71511985e-05  8.50000000e-01 
 2.72511985e-05  8.50335512e-01  2.72511985e-05  8.50000000e-01 
 2.73511985e-05  8.50335512e-01  2.73511985e-05  8.50000000e-01 
 2.74511985e-05  8.50335512e-01  2.74511985e-05  8.50000000e-01 
 2.75511985e-05  8.50335512e-01  2.75511985e-05  8.50000000e-01 
 2.76511985e-05  8.50335512e-01  2.76511985e-05  8.50000000e-01 
 2.77511985e-05  8.50335512e-01  2.77511985e-05  8.50000000e-01 
 2.78511985e-05  8.50335512e-01  2.78511985e-05  8.50000000e-01 
 2.79511985e-05  8.50335512e-01  2.79511985e-05  8.50000000e-01 
 2.80511985e-05  8.50335512e-01  2.80511985e-05  8.50000000e-01 
 2.81511985e-05  8.50335512e-01  2.81511985e-05  8.50000000e-01 
 2.82511985e-05  8.50335512e-01  2.82511985e-05  8.50000000e-01 
 2.83511985e-05  8.50335512e-01  2.83511985e-05  8.50000000e-01 
 2.84511985e-05  8.50335512e-01  2.84511985e-05  8.50000000e-01 
 2.85511985e-05  8.50335512e-01  2.85511985e-05  8.50000000e-01 
 2.86511985e-05  8.50335512e-01  2.86511985e-05  8.50000000e-01 
 2.87511985e-05  8.50335512e-01  2.87511985e-05  8.50000000e-01 
 2.88511985e-05  8.50335512e-01  2.88511985e-05  8.50000000e-01 
 2.89511985e-05  8.50335512e-01  2.89511985e-05  8.50000000e-01 
 2.90511985e-05  8.50335512e-01  2.90511985e-05  8.50000000e-01 
 2.91511985e-05  8.50335512e-01  2.91511985e-05  8.50000000e-01 
 2.92511985e-05  8.50335512e-01  2.92511985e-05  8.50000000e-01 
 2.93511985e-05  8.50335512e-01  2.93511985e-05  8.50000000e-01 
 2.94511985e-05  8.50335512e-01  2.94511985e-05  8.50000000e-01 
 2.95511985e-05  8.50335512e-01  2.95511985e-05  8.50000000e-01 
 2.96511985e-05  8.50335512e-01  2.96511985e-05  8.50000000e-01 
 2.97511985e-05  8.50335512e-01  2.97511985e-05  8.50000000e-01 
 2.98511985e-05  8.50335512e-01  2.98511985e-05  8.50000000e-01 
 2.99255993e-05  8.50335512e-01  2.99255993e-05  8.50000000e-01 
 3.00000000e-05  8.50335512e-01  3.00000000e-05  8.50000000e-01 
